object={
	name="tree_jungle_01_c_generator_1_0"
	render_pass=Map
	clamp_to_water_level=no
	generated_content=yes
	layer="tree_high_layer"
	pdxmesh="tree_jungle_01_c_mesh"
	count=42
	transform="3105.063965 0.000000 608.768250 0.000000 0.712952 0.000000 -0.701213 0.900000 0.900000 0.900000
3053.202393 0.000000 608.810120 0.000000 0.626842 0.000000 -0.779146 0.900000 0.900000 0.900000
3081.838867 0.000000 608.543640 0.000000 0.260605 0.000000 0.965445 0.900000 0.900000 0.900000
3065.306885 0.000000 608.296082 0.000000 0.329916 0.000000 0.944010 0.900000 0.900000 0.900000
3096.153809 0.000000 609.571655 0.000000 0.460227 0.000000 -0.887801 0.900000 0.900000 0.900000
3074.724121 0.000000 609.922607 0.000000 0.989167 0.000000 -0.146798 0.900000 0.900000 0.900000
3112.894775 0.000000 608.832703 0.000000 0.869942 0.000000 0.493155 0.900000 0.900000 0.900000
3049.286377 0.000000 609.464478 0.000000 0.845898 0.000000 -0.533344 0.900000 0.900000 0.900000
3092.312988 0.000000 608.057312 0.000000 0.829511 0.000000 -0.558490 0.900000 0.900000 0.900000
3056.795654 0.000000 609.737732 0.000000 0.371537 0.000000 -0.928418 0.900000 0.900000 0.900000
3072.220703 0.000000 608.019287 0.000000 0.829900 0.000000 0.557912 0.900000 0.900000 0.900000
3061.545654 0.000000 610.443054 0.000000 0.816566 0.000000 0.577252 0.900000 0.900000 0.900000
3110.448975 0.000000 608.013855 0.000000 0.800849 0.000000 0.598866 0.900000 0.900000 0.900000
3046.815430 0.000000 610.527283 0.000000 0.414533 0.000000 0.910034 0.900000 0.900000 0.900000
3062.746826 0.000000 608.435181 0.000000 0.914501 0.000000 -0.404585 0.900000 0.900000 0.900000
3051.336914 0.000000 610.318726 0.000000 0.995718 0.000000 0.092442 0.900000 0.900000 0.900000
3048.977051 0.000000 611.630615 0.000000 0.960304 0.000000 -0.278955 0.900000 0.900000 0.900000
3094.414551 0.000000 608.541992 0.000000 0.640006 0.000000 0.768370 0.900000 0.900000 0.900000
3079.484131 0.000000 608.123230 0.000000 0.958249 0.000000 0.285935 0.900000 0.900000 0.900000
3088.399658 0.000000 608.529175 0.000000 0.885698 0.000000 0.464261 0.900000 0.900000 0.900000
3074.248291 0.000000 608.162964 0.000000 0.737799 0.000000 0.675020 0.900000 0.900000 0.900000
3111.317383 0.000000 609.507996 0.000000 0.991899 0.000000 -0.127029 0.900000 0.900000 0.900000
3073.180664 0.000000 609.400391 0.000000 0.129895 0.000000 0.991528 0.900000 0.900000 0.900000
3044.313965 0.000000 610.952209 0.000000 0.586388 0.000000 -0.810031 0.900000 0.900000 0.900000
3060.835205 0.000000 611.832703 0.000000 0.510712 0.000000 0.859752 0.900000 0.900000 0.900000
3062.943848 0.000000 610.998108 0.000000 0.459728 0.000000 -0.888060 0.900000 0.900000 0.900000
3061.417236 0.000000 608.968567 0.000000 0.999001 0.000000 -0.044681 0.900000 0.900000 0.900000
3056.659180 0.000000 608.295532 0.000000 0.817542 0.000000 -0.575870 0.900000 0.900000 0.900000
3048.410889 0.000000 608.468506 0.000000 0.233422 0.000000 -0.972376 0.900000 0.900000 0.900000
3095.690674 0.000000 608.228699 0.000000 0.075553 0.000000 0.997142 0.900000 0.900000 0.900000
3045.512939 0.000000 610.334412 0.000000 0.930105 0.000000 0.367293 0.900000 0.900000 0.900000
3047.694580 0.000000 611.544067 0.000000 0.882504 0.000000 0.470306 0.900000 0.900000 0.900000
3075.334961 0.000000 608.869995 0.000000 0.816996 0.000000 0.576643 0.900000 0.900000 0.900000
3079.374512 0.000000 609.326355 0.000000 0.105920 0.000000 0.994375 0.900000 0.900000 0.900000
3060.444580 0.000000 609.947021 0.000000 0.957724 0.000000 -0.287689 0.900000 0.900000 0.900000
3048.643555 0.000000 610.551819 0.000000 0.562355 0.000000 0.826896 0.900000 0.900000 0.900000
3060.343506 0.000000 608.929565 0.000000 0.422665 0.000000 -0.906286 0.900000 0.900000 0.900000
3073.214600 0.000000 608.185181 0.000000 0.996438 0.000000 0.084331 0.900000 0.900000 0.900000
3072.342041 0.000000 609.872253 0.000000 0.650209 0.000000 -0.759755 0.900000 0.900000 0.900000
3074.181152 0.000000 609.092468 0.000000 0.896473 0.000000 0.443098 0.900000 0.900000 0.900000
3072.189453 0.000000 608.908997 0.000000 0.935012 0.000000 0.354615 0.900000 0.900000 0.900000
3057.563477 0.000000 608.542114 0.000000 0.610593 0.000000 -0.791945 0.900000 0.900000 0.900000
"}
