object={
	name="tree_leaf_high_generator_3_0"
	render_pass=Map
	clamp_to_water_level=no
	generated_content=yes
	layer="tree_high_layer"
	pdxmesh="tree_leaf_01_c_mesh"
	count=88
	transform="165.489319 0.000000 1184.664673 0.000000 0.795448 0.000000 0.606022 0.800000 0.800000 0.800000
188.460083 0.000000 1182.290405 0.000000 0.867203 0.000000 -0.497955 0.800000 0.800000 0.800000
152.024475 0.000000 1185.843994 0.000000 0.971467 0.000000 0.237177 0.799570 0.799570 0.799570
194.751678 0.000000 1183.872192 0.000000 0.139109 0.000000 0.990277 0.800000 0.800000 0.800000
198.809052 0.000000 1183.178833 0.000000 0.371817 0.000000 -0.928306 0.800000 0.800000 0.800000
185.584030 0.000000 1184.098633 0.000000 0.992147 0.000000 0.125078 0.800000 0.800000 0.800000
216.096542 0.000000 1183.710449 0.000000 0.256298 0.000000 0.966598 0.800000 0.800000 0.800000
3675.509033 0.000000 2285.829346 0.000000 0.999146 0.000000 0.041316 0.800000 0.800000 0.800000
3661.997070 0.000000 2286.189697 0.000000 0.942797 0.000000 -0.333368 0.800000 0.800000 0.800000
3701.684814 0.000000 2285.381836 0.000000 0.514271 0.000000 0.857628 0.800000 0.800000 0.800000
3647.653320 0.000000 2287.469238 0.000000 0.665627 0.000000 -0.746284 0.800000 0.800000 0.800000
3658.573975 0.000000 2287.725830 0.000000 0.670555 0.000000 0.741860 0.800000 0.800000 0.800000
451.866333 0.000000 2883.530518 0.000000 0.971644 0.000000 -0.236451 0.806722 0.806722 0.806722
439.766327 0.000000 2883.140625 0.000000 0.757622 0.000000 -0.652694 0.800000 0.800000 0.800000
392.265564 0.000000 2884.690918 0.000000 0.759247 0.000000 0.650802 0.800000 0.800000 0.800000
406.660339 0.000000 2885.889893 0.000000 0.208632 0.000000 0.977994 0.800000 0.800000 0.800000
388.573853 0.000000 2884.214355 0.000000 0.554427 0.000000 0.832232 0.800000 0.800000 0.800000
424.294922 0.000000 2884.373047 0.000000 0.557949 0.000000 -0.829876 0.800000 0.800000 0.800000
817.210632 0.000000 3248.582520 0.000000 0.732090 0.000000 -0.681208 0.800000 0.800000 0.800000
806.507935 0.000000 3249.174805 0.000000 0.085801 0.000000 -0.996312 0.800000 0.800000 0.800000
824.948792 0.000000 3248.969238 0.000000 0.980327 0.000000 -0.197381 0.801786 0.801786 0.801786
773.157654 0.000000 3248.939941 0.000000 0.926376 0.000000 -0.376601 0.821747 0.821747 0.821747
762.256104 0.000000 3249.412109 0.000000 0.802021 0.000000 -0.597296 0.891667 0.891667 0.891667
3194.017822 0.000000 3014.468750 0.000000 0.793819 0.000000 0.608154 0.790991 0.790991 0.790991
3201.477051 0.000000 3015.040039 0.000000 0.939825 0.000000 0.341655 0.772841 0.772841 0.772841
3228.160156 0.000000 3015.873291 0.000000 0.878574 0.000000 0.477606 0.800000 0.800000 0.800000
3256.499023 0.000000 3012.982666 0.000000 0.994807 0.000000 0.101776 0.800000 0.800000 0.800000
3216.828125 0.000000 3013.690918 0.000000 0.179761 0.000000 -0.983710 0.800000 0.800000 0.800000
3263.871094 0.000000 3012.883545 0.000000 0.291956 0.000000 0.956432 0.800000 0.800000 0.800000
3490.031982 0.000000 2994.971436 0.000000 0.988771 0.000000 0.149435 0.800000 0.800000 0.800000
3438.893066 0.000000 2994.965088 0.000000 0.658959 0.000000 -0.752179 0.821425 0.821425 0.821425
3473.586182 0.000000 2994.113037 0.000000 0.591460 0.000000 0.806334 0.800000 0.800000 0.800000
3485.695557 0.000000 2995.643066 0.000000 0.499653 0.000000 -0.866225 0.800000 0.800000 0.800000
3423.168701 0.000000 2994.763672 0.000000 0.677474 0.000000 -0.735547 0.800000 0.800000 0.800000
4189.268555 0.000000 2542.308838 0.000000 0.914825 0.000000 0.403850 0.800000 0.800000 0.800000
4234.359375 0.000000 2543.451172 0.000000 0.806045 0.000000 -0.591854 0.800000 0.800000 0.800000
4253.214844 0.000000 2542.994141 0.000000 0.985297 0.000000 0.170852 0.780042 0.780042 0.780042
4202.072754 0.000000 2542.924316 0.000000 0.775201 0.000000 0.631715 0.800000 0.800000 0.800000
4248.117188 0.000000 2542.129395 0.000000 0.372191 0.000000 0.928156 0.800000 0.800000 0.800000
4186.611328 0.000000 2543.986572 0.000000 0.678174 0.000000 -0.734902 0.800000 0.800000 0.800000
4231.342285 0.000000 2543.880371 0.000000 0.997191 0.000000 -0.074901 0.800000 0.800000 0.800000
4237.187500 0.000000 2543.795166 0.000000 0.157091 0.000000 -0.987584 0.800000 0.800000 0.800000
4204.733398 0.000000 2542.399902 0.000000 0.956633 0.000000 0.291297 0.800000 0.800000 0.800000
3829.314941 0.000000 3445.817871 0.000000 0.976714 0.000000 0.214546 0.800000 0.800000 0.800000
3815.756592 0.000000 3443.978760 0.000000 0.709823 0.000000 0.704380 0.800000 0.800000 0.800000
3845.312256 0.000000 3443.848145 0.000000 0.970494 0.000000 -0.241124 0.800000 0.800000 0.800000
3826.907227 0.000000 3443.092773 0.000000 0.810980 0.000000 -0.585074 0.800000 0.800000 0.800000
3854.052246 0.000000 3443.711670 0.000000 0.519807 0.000000 0.854284 0.800000 0.800000 0.800000
3812.929199 0.000000 3445.729004 0.000000 0.289707 0.000000 -0.957115 0.800000 0.800000 0.800000
3819.845703 0.000000 3443.330078 0.000000 0.999281 0.000000 -0.037922 0.800000 0.800000 0.800000
3817.112061 0.000000 3584.525146 0.000000 0.847285 0.000000 0.531139 0.800000 0.800000 0.800000
3836.513672 0.000000 3584.818848 0.000000 0.993862 0.000000 -0.110625 0.800000 0.800000 0.800000
3864.561768 0.000000 3584.641846 0.000000 0.941525 0.000000 -0.336944 0.800000 0.800000 0.800000
3832.062012 0.000000 3585.389160 0.000000 0.172038 0.000000 -0.985090 0.800000 0.800000 0.800000
3869.649414 0.000000 3583.797852 0.000000 0.351208 0.000000 0.936297 0.800000 0.800000 0.800000
3813.715088 0.000000 3585.854492 0.000000 0.315273 0.000000 -0.949001 0.800000 0.800000 0.800000
3867.183594 0.000000 3585.088867 0.000000 0.978123 0.000000 0.208027 0.800000 0.800000 0.800000
5249.292969 0.000000 2191.002197 0.000000 0.033984 0.000000 0.999422 0.800000 0.800000 0.800000
5258.314453 0.000000 2190.371338 0.000000 0.497218 0.000000 -0.867626 0.800000 0.800000 0.800000
5280.890625 0.000000 2190.460449 0.000000 0.363954 0.000000 0.931417 0.800000 0.800000 0.800000
5313.236816 0.000000 2190.408203 0.000000 0.555903 0.000000 0.831247 0.800000 0.800000 0.800000
8384.759766 0.000000 912.233582 0.000000 0.994576 0.000000 -0.104008 0.800499 0.800499 0.800499
8394.176758 0.000000 913.860107 0.000000 0.135703 0.000000 -0.990750 0.812035 0.812035 0.812035
8364.089844 0.000000 913.301880 0.000000 0.029956 0.000000 -0.999551 0.800000 0.800000 0.800000
8368.739258 0.000000 913.401978 0.000000 0.933079 0.000000 0.359672 0.800000 0.800000 0.800000
8429.902344 0.000000 911.951355 0.000000 0.538649 0.000000 -0.842530 0.800000 0.800000 0.800000
4916.502930 0.000000 3434.330078 0.000000 0.523251 0.000000 -0.852179 0.800000 0.800000 0.800000
4928.452148 0.000000 3432.673096 0.000000 0.927262 0.000000 0.374414 0.800000 0.800000 0.800000
4885.319336 0.000000 3435.101562 0.000000 0.802861 0.000000 0.596166 0.800000 0.800000 0.800000
4863.642578 0.000000 3434.126953 0.000000 0.805853 0.000000 0.592116 0.800000 0.800000 0.800000
4919.871094 0.000000 3433.280518 0.000000 0.717812 0.000000 -0.696237 0.800000 0.800000 0.800000
4869.999512 0.000000 3435.075439 0.000000 0.149631 0.000000 -0.988742 0.800000 0.800000 0.800000
5460.821777 0.000000 3496.174561 0.000000 0.385852 0.000000 0.922561 0.800000 0.800000 0.800000
5408.960449 0.000000 3496.216309 0.000000 0.905341 0.000000 0.424686 0.800000 0.800000 0.800000
5451.911621 0.000000 3496.977783 0.000000 0.630079 0.000000 -0.776531 0.800000 0.800000 0.800000
5430.481934 0.000000 3497.328857 0.000000 0.941861 0.000000 -0.336004 0.800000 0.800000 0.800000
5444.649902 0.000000 3497.741455 0.000000 0.153245 0.000000 -0.988188 0.800000 0.800000 0.800000
5468.652832 0.000000 3496.239014 0.000000 0.706587 0.000000 -0.707627 0.800000 0.800000 0.800000
5464.769531 0.000000 3497.618652 0.000000 0.945092 0.000000 0.326805 0.800000 0.800000 0.800000
5405.043945 0.000000 3496.870850 0.000000 0.425647 0.000000 -0.904889 0.800000 0.800000 0.800000
5434.128906 0.000000 3497.426025 0.000000 0.257226 0.000000 -0.966351 0.800785 0.800785 0.800785
6529.719238 0.000000 3298.908936 0.000000 0.884620 0.000000 -0.466312 0.811045 0.811045 0.811045
6478.580566 0.000000 3298.902588 0.000000 0.998815 0.000000 -0.048663 0.800000 0.800000 0.800000
6513.273438 0.000000 3298.050537 0.000000 0.903301 0.000000 -0.429008 0.806907 0.806907 0.806907
6533.744629 0.000000 3296.204590 0.000000 0.703720 0.000000 -0.710477 0.801894 0.801894 0.801894
6462.855957 0.000000 3298.701172 0.000000 0.208970 0.000000 0.977922 0.800000 0.800000 0.800000
6616.270020 0.000000 4028.661377 0.000000 0.794888 0.000000 0.606757 0.800000 0.800000 0.800000
6620.918945 0.000000 4028.761475 0.000000 0.011160 0.000000 0.999938 0.800000 0.800000 0.800000
"}
