object={
	name="tree_leaf_01_single_generator_1_0"
	render_pass=Map
	clamp_to_water_level=no
	generated_content=yes
	layer="tree_high_layer"
	pdxmesh="tree_leaf_01_single_a_mesh"
	count=33
	transform="7979.322266 0.000000 2978.220703 0.000000 0.846282 0.000000 -0.532735 0.700000 0.700000 0.700000
7983.151855 0.000000 2978.903809 0.000000 0.422046 0.000000 0.906574 0.700000 0.700000 0.700000
8035.550781 0.000000 2977.374268 0.000000 0.999512 0.000000 0.031227 0.700000 0.700000 0.700000
8029.367188 0.000000 2979.683838 0.000000 0.582232 0.000000 -0.813023 0.700000 0.700000 0.700000
8015.649902 0.000000 2979.804443 0.000000 0.954793 0.000000 -0.297270 0.700000 0.700000 0.700000
8003.583008 0.000000 2979.621094 0.000000 0.726565 0.000000 -0.687098 0.700000 0.700000 0.700000
7998.640625 0.000000 2978.268799 0.000000 0.182493 0.000000 0.983207 0.700000 0.700000 0.700000
8037.947266 0.000000 2976.941895 0.000000 0.810286 0.000000 0.586035 0.700000 0.700000 0.700000
7980.999023 0.000000 2979.779053 0.000000 0.973551 0.000000 0.228469 0.700000 0.700000 0.700000
8017.930176 0.000000 2979.616943 0.000000 0.982809 0.000000 0.184624 0.700000 0.700000 0.700000
8034.221191 0.000000 2978.901367 0.000000 0.559449 0.000000 0.828865 0.700000 0.700000 0.700000
8033.570312 0.000000 2977.002686 0.000000 0.751641 0.000000 -0.659572 0.700000 0.700000 0.700000
8049.081055 0.000000 2977.701904 0.000000 0.768678 0.000000 -0.639636 0.700000 0.700000 0.700000
8046.942383 0.000000 2978.905518 0.000000 0.979026 0.000000 -0.203735 0.700000 0.700000 0.700000
8017.140625 0.000000 2978.209473 0.000000 0.419692 0.000000 0.907667 0.700000 0.700000 0.700000
8003.196777 0.000000 2978.027100 0.000000 0.276031 0.000000 0.961149 0.700000 0.700000 0.700000
8047.803223 0.000000 2976.218506 0.000000 0.999721 0.000000 0.023617 0.700000 0.700000 0.700000
8040.752930 0.000000 2976.583740 0.000000 0.955786 0.000000 -0.294064 0.700000 0.700000 0.700000
8045.333496 0.000000 2977.581787 0.000000 0.843033 0.000000 0.537862 0.700000 0.700000 0.700000
7984.455078 0.000000 2978.447021 0.000000 0.713442 0.000000 -0.700714 0.700000 0.700000 0.700000
8011.968262 0.000000 2978.858887 0.000000 0.960174 0.000000 -0.279404 0.700000 0.700000 0.700000
7981.607910 0.000000 2978.558350 0.000000 0.885774 0.000000 0.464117 0.700000 0.700000 0.700000
8001.807617 0.000000 2978.152100 0.000000 0.284251 0.000000 0.958750 0.700000 0.700000 0.700000
7994.345703 0.000000 2978.715820 0.000000 0.050250 0.000000 0.998737 0.700000 0.700000 0.700000
7979.736816 0.000000 2979.439697 0.000000 0.544110 0.000000 0.839014 0.700000 0.700000 0.700000
8041.361328 0.000000 2977.833496 0.000000 0.344881 0.000000 -0.938646 0.700000 0.700000 0.700000
8045.606934 0.000000 2976.395508 0.000000 0.467472 0.000000 0.884008 0.700000 0.700000 0.700000
8016.693359 0.000000 2979.267090 0.000000 0.997779 0.000000 -0.066615 0.700000 0.700000 0.700000
8033.105957 0.000000 2979.124756 0.000000 0.800786 0.000000 -0.598951 0.700000 0.700000 0.700000
7980.491699 0.000000 2978.621826 0.000000 0.970376 0.000000 -0.241598 0.700000 0.700000 0.700000
8045.745117 0.000000 2978.594238 0.000000 0.740865 0.000000 -0.671654 0.700000 0.700000 0.700000
8041.832520 0.000000 2976.939941 0.000000 0.911634 0.000000 -0.411002 0.700000 0.700000 0.700000
8046.463867 0.000000 2979.822266 0.000000 0.996118 0.000000 -0.088030 0.700000 0.700000 0.700000
"}
