object={
	name="tree_palm_generator_1_0"
	render_pass=Map
	clamp_to_water_level=no
	generated_content=yes
	layer="tree_high_layer"
	pdxmesh="tree_palm_01_a_mesh"
	count=65
	transform="862.116455 0.000000 2332.522949 0.000000 0.181346 0.000000 -0.983419 0.700000 0.700000 0.700000
872.402466 0.000000 2332.013916 0.000000 0.848728 0.000000 -0.528830 0.700000 0.700000 0.700000
894.611389 0.000000 2332.383789 0.000000 0.946571 0.000000 0.322495 0.700000 0.700000 0.700000
844.918701 0.000000 2334.928467 0.000000 0.983450 0.000000 0.181178 0.700000 0.700000 0.700000
858.754700 0.000000 2333.641357 0.000000 0.296785 0.000000 -0.954944 0.700000 0.700000 0.700000
841.476746 0.000000 2332.402100 0.000000 0.642380 0.000000 0.766386 0.700000 0.700000 0.700000
911.463440 0.000000 2331.438721 0.000000 0.932134 0.000000 -0.362114 0.700000 0.700000 0.700000
847.304749 0.000000 2333.445068 0.000000 0.922795 0.000000 0.385291 0.700000 0.700000 0.700000
909.394287 0.000000 2333.532227 0.000000 0.990983 0.000000 -0.133985 0.700564 0.700564 0.700564
864.756348 0.000000 2333.428711 0.000000 0.662910 0.000000 -0.748699 0.700000 0.700000 0.700000
877.824097 0.000000 2333.964111 0.000000 0.964351 0.000000 0.264626 0.700000 0.700000 0.700000
897.496155 0.000000 2332.984863 0.000000 0.102301 0.000000 0.994754 0.700000 0.700000 0.700000
889.125610 0.000000 2332.345947 0.000000 0.578300 0.000000 -0.815825 0.700000 0.700000 0.700000
911.158569 0.000000 2333.175537 0.000000 0.832969 0.000000 -0.553319 0.707378 0.707378 0.707378
845.555908 0.000000 2333.266602 0.000000 0.510793 0.000000 -0.859704 0.700000 0.700000 0.700000
837.093628 0.000000 2333.109863 0.000000 0.747020 0.000000 0.664801 0.700000 0.700000 0.700000
857.064331 0.000000 2333.804443 0.000000 0.842919 0.000000 -0.538040 0.700000 0.700000 0.700000
906.442688 0.000000 2332.794434 0.000000 0.921216 0.000000 -0.389051 0.700000 0.700000 0.700000
846.514221 0.000000 2334.787109 0.000000 0.839283 0.000000 0.543696 0.700000 0.700000 0.700000
873.385132 0.000000 2333.270996 0.000000 0.570737 0.000000 -0.821133 0.700000 0.700000 0.700000
894.133362 0.000000 2333.790283 0.000000 0.728310 0.000000 0.685248 0.700000 0.700000 0.700000
907.944641 0.000000 2333.138428 0.000000 0.142111 0.000000 -0.989851 0.700000 0.700000 0.700000
888.633667 0.000000 2333.755127 0.000000 0.976453 0.000000 0.215732 0.700000 0.700000 0.700000
858.541016 0.000000 2332.189697 0.000000 0.309145 0.000000 0.951015 0.700000 0.700000 0.700000
878.330322 0.000000 2332.717529 0.000000 0.773854 0.000000 0.633364 0.700000 0.700000 0.700000
840.271057 0.000000 2332.898438 0.000000 0.962085 0.000000 0.272750 0.700000 0.700000 0.700000
908.795349 0.000000 2332.277588 0.000000 0.971679 0.000000 -0.236305 0.701001 0.701001 0.701001
856.443359 0.000000 2332.824219 0.000000 0.881142 0.000000 0.472851 0.700000 0.700000 0.700000
910.147827 0.000000 2332.616455 0.000000 0.025175 0.000000 -0.999683 0.719448 0.719448 0.719448
863.194702 0.000000 2332.958740 0.000000 0.662866 0.000000 -0.748738 0.700000 0.700000 0.700000
3394.701660 0.000000 2212.984375 0.000000 0.348850 0.000000 -0.937179 0.700000 0.700000 0.700000
3355.145020 0.000000 2215.714355 0.000000 0.997266 0.000000 -0.073902 0.700000 0.700000 0.700000
3406.457031 0.000000 2212.220459 0.000000 0.969571 0.000000 -0.244810 0.700000 0.700000 0.700000
3346.407227 0.000000 2214.783936 0.000000 0.942499 0.000000 0.334209 0.700000 0.700000 0.700000
3389.819336 0.000000 2214.069336 0.000000 0.112451 0.000000 0.993657 0.700000 0.700000 0.700000
3404.229736 0.000000 2215.627197 0.000000 0.609480 0.000000 -0.792801 0.700000 0.700000 0.700000
3358.482422 0.000000 2214.078125 0.000000 0.644687 0.000000 -0.764447 0.700000 0.700000 0.700000
3397.812256 0.000000 2212.359863 0.000000 0.191806 0.000000 -0.981433 0.700000 0.700000 0.700000
3378.055664 0.000000 2215.545898 0.000000 0.995059 0.000000 0.099289 0.700000 0.700000 0.700000
3375.199951 0.000000 2214.960938 0.000000 0.930537 0.000000 0.366198 0.700000 0.700000 0.700000
3343.741211 0.000000 2214.530273 0.000000 0.963368 0.000000 0.268182 0.700000 0.700000 0.700000
3391.838379 0.000000 2215.389648 0.000000 0.993078 0.000000 -0.117453 0.700000 0.700000 0.700000
3361.189209 0.000000 2214.317627 0.000000 0.387459 0.000000 0.921887 0.700000 0.700000 0.700000
3370.135010 0.000000 2215.282959 0.000000 0.923269 0.000000 0.384154 0.700000 0.700000 0.700000
3417.733154 0.000000 2213.662842 0.000000 0.924428 0.000000 0.381357 0.700000 0.700000 0.700000
3405.561279 0.000000 2214.077881 0.000000 0.431896 0.000000 0.901923 0.700000 0.700000 0.700000
3401.275146 0.000000 2212.257568 0.000000 0.936656 0.000000 0.350250 0.700000 0.700000 0.700000
3379.881836 0.000000 2215.245117 0.000000 0.889728 0.000000 -0.456491 0.700000 0.700000 0.700000
3393.178223 0.000000 2214.112305 0.000000 0.498649 0.000000 0.866804 0.700000 0.700000 0.700000
3363.058594 0.000000 2214.292969 0.000000 0.646533 0.000000 -0.762886 0.700000 0.700000 0.700000
3396.390625 0.000000 2213.704346 0.000000 0.701949 0.000000 0.712227 0.700000 0.700000 0.700000
3394.981934 0.000000 2214.666016 0.000000 0.916683 0.000000 0.399616 0.700000 0.700000 0.700000
3404.760742 0.000000 2212.269531 0.000000 0.535393 0.000000 0.844603 0.700000 0.700000 0.700000
3376.802734 0.000000 2214.216309 0.000000 0.658449 0.000000 0.752625 0.700000 0.700000 0.700000
3416.452881 0.000000 2212.536621 0.000000 0.998543 0.000000 -0.053957 0.700000 0.700000 0.700000
3354.083008 0.000000 2214.648926 0.000000 0.999797 0.000000 0.020134 0.700000 0.700000 0.700000
3360.191406 0.000000 2215.476318 0.000000 0.999515 0.000000 -0.031126 0.700000 0.700000 0.700000
3388.681152 0.000000 2215.161865 0.000000 0.809962 0.000000 0.586482 0.700000 0.700000 0.700000
3407.771729 0.000000 2212.884277 0.000000 0.715932 0.000000 0.698170 0.700000 0.700000 0.700000
3345.588135 0.000000 2215.960205 0.000000 0.999992 0.000000 0.004007 0.700000 0.700000 0.700000
3345.098877 0.000000 2214.217041 0.000000 0.953336 0.000000 -0.301912 0.700000 0.700000 0.700000
3401.778320 0.000000 2213.564453 0.000000 0.739706 0.000000 -0.672930 0.700000 0.700000 0.700000
3393.375488 0.000000 2212.794189 0.000000 0.405299 0.000000 -0.914184 0.700000 0.700000 0.700000
3393.159668 0.000000 2215.507568 0.000000 0.518784 0.000000 0.854905 0.700000 0.700000 0.700000
3416.586426 0.000000 2213.825439 0.000000 0.911038 0.000000 -0.412323 0.700000 0.700000 0.700000
"}
