object={
	name="tree_leaf_high_generator_2_0"
	render_pass=Map
	clamp_to_water_level=no
	generated_content=yes
	layer="tree_high_layer"
	pdxmesh="tree_leaf_01_b_mesh"
	count=41
	transform="213.375137 0.000000 1183.508423 0.000000 0.895070 0.000000 0.445925 0.341150 0.341150 0.341150
227.866791 0.000000 1182.942871 0.000000 0.824154 0.000000 -0.566365 0.400000 0.400000 0.400000
187.870956 0.000000 1184.507568 0.000000 0.310780 0.000000 0.950482 0.400000 0.400000 0.400000
170.195465 0.000000 1185.773438 0.000000 0.920959 0.000000 -0.389659 0.403797 0.403797 0.403797
3721.106689 0.000000 2284.468506 0.000000 0.771013 0.000000 0.636819 0.400000 0.400000 0.400000
3717.002930 0.000000 2284.634277 0.000000 0.610153 0.000000 -0.792283 0.400000 0.400000 0.400000
3691.377197 0.000000 2284.248779 0.000000 0.352847 0.000000 0.935681 0.400000 0.400000 0.400000
3723.177979 0.000000 2285.377441 0.000000 0.821145 0.000000 -0.570719 0.400000 0.400000 0.400000
442.555908 0.000000 2882.771484 0.000000 0.240994 0.000000 -0.970527 0.400000 0.400000 0.400000
412.433289 0.000000 2883.740723 0.000000 0.723492 0.000000 -0.690333 0.400000 0.400000 0.400000
394.481750 0.000000 2884.282471 0.000000 0.182741 0.000000 0.983161 0.400000 0.400000 0.400000
822.476440 0.000000 3248.981689 0.000000 0.692591 0.000000 0.721331 0.400000 0.400000 0.400000
3249.408203 0.000000 3013.287598 0.000000 0.850334 0.000000 0.526243 0.400000 0.400000 0.400000
3229.446777 0.000000 3013.531006 0.000000 0.124180 0.000000 0.992260 0.400000 0.400000 0.400000
3212.952148 0.000000 3015.716553 0.000000 0.376501 0.000000 0.926416 0.400000 0.400000 0.400000
3470.209473 0.000000 2995.972900 0.000000 0.993809 0.000000 -0.111102 0.400000 0.400000 0.400000
3442.581787 0.000000 2995.981445 0.000000 0.748629 0.000000 0.662989 0.400000 0.400000 0.400000
3458.593750 0.000000 2995.068359 0.000000 0.895311 0.000000 -0.445441 0.400000 0.400000 0.400000
3487.919434 0.000000 2995.673828 0.000000 0.451411 0.000000 0.892316 0.400000 0.400000 0.400000
4182.850586 0.000000 2542.567383 0.000000 0.187888 0.000000 -0.982190 0.400000 0.400000 0.400000
4219.955566 0.000000 2542.122070 0.000000 0.968169 0.000000 0.250298 0.400000 0.400000 0.400000
4198.536133 0.000000 2543.265137 0.000000 0.219956 0.000000 0.975510 0.400000 0.400000 0.400000
3844.727295 0.000000 3584.491699 0.000000 0.958779 0.000000 -0.284153 0.400000 0.400000 0.400000
3802.003418 0.000000 3585.010742 0.000000 0.709098 0.000000 -0.705110 0.400000 0.400000 0.400000
3866.110107 0.000000 3583.086182 0.000000 0.009873 0.000000 -0.999951 0.400000 0.400000 0.400000
5315.754883 0.000000 2191.051270 0.000000 0.887595 0.000000 -0.460625 0.400000 0.400000 0.400000
8411.766602 0.000000 911.994812 0.000000 0.281225 0.000000 -0.959642 0.400000 0.400000 0.400000
8395.735352 0.000000 911.899292 0.000000 0.566836 0.000000 -0.823831 0.407251 0.407251 0.407251
8382.200195 0.000000 912.372681 0.000000 0.290658 0.000000 -0.956827 0.401911 0.401911 0.401911
8361.964844 0.000000 912.533997 0.000000 0.997815 0.000000 -0.066069 0.400000 0.400000 0.400000
8378.722656 0.000000 913.712646 0.000000 0.024072 0.000000 -0.999710 0.400772 0.400772 0.400772
4867.472168 0.000000 3434.810059 0.000000 0.928531 0.000000 -0.371254 0.400000 0.400000 0.400000
4931.074219 0.000000 3433.120117 0.000000 0.408728 0.000000 0.912656 0.400000 0.400000 0.400000
4879.957031 0.000000 3434.773193 0.000000 0.418433 0.000000 0.908248 0.400000 0.400000 0.400000
5419.626953 0.000000 3499.593262 0.000000 0.967129 0.000000 -0.254287 0.400000 0.400000 0.400000
5417.303711 0.000000 3497.849365 0.000000 0.100606 0.000000 -0.994926 0.400000 0.400000 0.400000
5404.734863 0.000000 3499.036865 0.000000 0.998442 0.000000 -0.055800 0.400000 0.400000 0.400000
6465.803223 0.000000 3300.704346 0.000000 0.982153 0.000000 0.188082 0.400000 0.400000 0.400000
6482.269043 0.000000 3299.918945 0.000000 0.640318 0.000000 -0.768110 0.400000 0.400000 0.400000
6498.281250 0.000000 3299.005859 0.000000 0.731640 0.000000 -0.681691 0.400000 0.400000 0.400000
6618.448242 0.000000 4029.824219 0.000000 0.948998 0.000000 0.315282 0.400000 0.400000 0.400000
"}
