object={
	name="tree_sakura_03_generator_0"
	render_pass=Map
	clamp_to_water_level=no
	generated_content=yes
	layer="tree_high_layer"
	pdxmesh="tree_sakura_03_mesh"
	count=16
	transform="8312.853516 0.000000 3141.880371 0.000000 0.883465 0.000000 -0.468497 1.000000 1.000000 1.000000
8284.081055 0.000000 3141.508057 0.000000 0.273201 0.000000 -0.961957 1.000000 1.000000 1.000000
8301.103516 0.000000 3138.337158 0.000000 0.079514 0.000000 0.996834 1.000000 1.000000 1.000000
8301.569336 0.000000 3140.282227 0.000000 0.993812 0.000000 0.111074 1.000000 1.000000 1.000000
8294.421875 0.000000 3141.318848 0.000000 0.785496 0.000000 0.618867 1.000000 1.000000 1.000000
8298.777344 0.000000 3138.128174 0.000000 0.615337 0.000000 -0.788265 1.000000 1.000000 1.000000
8310.852539 0.000000 3141.428223 0.000000 0.059297 0.000000 -0.998240 1.000000 1.000000 1.000000
8330.204102 0.000000 3138.377930 0.000000 0.764532 0.000000 0.644586 1.000000 1.000000 1.000000
8339.559570 0.000000 3139.812988 0.000000 0.919038 0.000000 0.394168 1.000000 1.000000 1.000000
8298.543945 0.000000 3141.692383 0.000000 0.692904 0.000000 0.721030 1.000000 1.000000 1.000000
8328.296875 0.000000 3138.253662 0.000000 0.356718 0.000000 0.934212 1.000000 1.000000 1.000000
8344.093750 0.000000 3139.157959 0.000000 0.421036 0.000000 0.907044 1.000000 1.000000 1.000000
8306.765625 0.000000 3139.449707 0.000000 0.583239 0.000000 -0.812300 1.000000 1.000000 1.000000
8302.237305 0.000000 3138.892090 0.000000 0.368747 0.000000 -0.929530 1.000000 1.000000 1.000000
8311.698242 0.000000 3138.917480 0.000000 0.727179 0.000000 -0.686448 1.000000 1.000000 1.000000
8307.052734 0.000000 3138.262207 0.000000 0.251086 0.000000 -0.967965 1.000000 1.000000 1.000000
"}
