object={
	name="elephant"
	render_pass=Map
	clamp_to_water_level=yes
	generated_content=no
	layer="unit_layer"
	entity="elephant_entity"
	count=30
	transform="5505.369141 0.000000 1847.322754 0.000000 0.415068 0.000000 -0.909790 0.457417 0.457417 0.457417
5360.242188 0.000000 1115.920044 0.000000 -0.505968 0.000000 0.862552 0.457417 0.457417 0.457417
4929.750000 0.000000 1628.540527 0.000000 -0.270970 0.000000 0.962587 0.457417 0.457417 0.457417
5001.297852 0.000000 1346.250122 0.000000 0.524612 0.000000 0.851341 0.457417 0.457417 0.457417
5157.354492 0.000000 1181.502441 0.000000 -0.791721 0.000000 0.610882 0.457417 0.457417 0.457417
5149.151367 0.000000 1286.106812 0.000000 0.125717 0.000000 0.992066 0.457417 0.457417 0.457417
5151.562500 0.000000 1500.739258 0.000000 -0.757585 0.000000 0.652736 0.457417 0.457417 0.457417
5317.870117 0.000000 1662.118896 0.000000 0.050833 0.000000 0.998707 0.457417 0.457417 0.457417
5437.266602 0.000000 1858.515137 0.000000 0.929266 0.000000 -0.369410 0.457417 0.457417 0.457417
5322.911133 0.000000 2241.298584 0.000000 0.788236 0.000000 -0.615373 0.457417 0.457417 0.457417
4689.908203 0.000000 2499.309082 0.000000 -0.555945 0.000000 -0.831219 0.457417 0.457417 0.457417
4904.680664 0.000000 2342.682617 0.000000 -0.098981 0.000000 -0.995089 0.457417 0.457417 0.457417
4562.616211 0.000000 1989.596191 0.000000 -0.801446 0.000000 -0.598067 0.457417 0.457417 0.457417
4980.732422 0.000000 2055.332031 0.000000 0.269140 0.000000 -0.963101 0.457417 0.457417 0.457417
5171.350586 0.000000 1880.363892 0.000000 0.683941 0.000000 -0.729537 0.457417 0.457417 0.457417
5493.378906 0.000000 1937.301758 0.000000 -0.562674 0.000000 -0.826679 0.457417 0.457417 0.457417
6065.613281 0.000000 1275.989990 0.000000 0.826769 0.000000 0.562541 0.457417 0.457417 0.457417
6594.038086 0.000000 924.628357 0.000000 -0.632992 0.000000 0.774158 0.457417 0.457417 0.457417
6478.501953 0.000000 1196.171143 0.000000 0.467556 0.000000 0.883963 0.457417 0.457417 0.457417
6214.589844 0.000000 1537.074829 0.000000 0.658546 0.000000 0.752540 0.457417 0.457417 0.457417
6391.566406 0.000000 1330.500000 0.000000 0.924920 0.000000 -0.380161 0.457417 0.457417 0.457417
6667.962891 0.000000 1700.626953 -0.000000 -0.032855 0.000000 0.999460 0.457417 0.457417 0.457417
6541.121094 0.000000 1548.738037 0.000000 0.543724 0.000000 -0.839264 0.457417 0.457417 0.457417
6509.795898 0.000000 1855.961914 0.000000 -0.457943 0.000000 -0.888982 0.457417 0.457417 0.457417
7295.080078 0.000000 1455.096680 0.000000 0.204852 0.000000 -0.978792 0.457417 0.457417 0.457417
6237.782227 0.000000 1744.715088 0.000000 0.788198 0.000000 -0.615421 0.457417 0.457417 0.457417
6021.385742 0.000000 1920.845459 0.000000 -0.828487 0.000000 -0.560008 0.457417 0.457417 0.457417
5982.280273 0.000000 2252.345459 0.000000 0.175457 0.000000 -0.984487 0.457417 0.457417 0.457417
5807.313477 0.000000 2021.029541 0.000000 -0.280332 0.000000 -0.959903 0.457417 0.457417 0.457417
5653.132812 0.000000 2156.381104 0.000000 0.617553 0.000000 -0.786529 0.457417 0.457417 0.457417
"}
object={
	name="horse_a_galloping"
	render_pass=Map
	clamp_to_water_level=no
	generated_content=no
	layer="unit_layer"
	entity="unit_horse_01_a_galloping_entity"
	count=8
	transform="4057.585693 0.000000 3313.573730 0.000000 -0.732974 0.000000 -0.680257 1.000000 1.000000 1.000000
3690.375732 0.000000 3614.536377 0.000000 -0.801086 0.000000 0.598549 1.000000 1.000000 1.000000
4082.266846 0.000000 3320.427734 0.000000 -0.771242 0.000000 -0.636543 1.000000 1.000000 1.000000
4576.229492 0.000000 3159.978516 0.000000 -0.000497 0.000000 -1.000000 0.852708 0.852708 0.852708
3276.527100 0.000000 2407.696045 0.000000 0.202030 0.000000 0.979379 0.838010 0.838010 0.838010
4984.472656 0.000000 3275.879883 0.000000 0.678103 0.000000 0.734967 1.000000 1.000000 1.000000
4806.381836 0.000000 3713.953369 0.000000 0.500601 0.000000 0.865678 1.000000 1.000000 1.000000
4803.210938 0.000000 3718.552979 0.000000 0.498220 0.000000 0.867050 1.000000 1.000000 1.000000
"}
object={
	name="horse_a_grazing"
	render_pass=Map
	clamp_to_water_level=no
	generated_content=no
	layer="unit_layer"
	entity="unit_horse_01_a_eating_grass_entity"
	count=20
	transform="4155.392578 0.000000 3442.497314 0.000000 0.013061 0.000000 0.999915 1.000000 1.000000 1.000000
3210.094971 0.000000 2888.353516 0.000000 -0.863180 0.000000 0.504896 1.249683 1.249683 1.249683
3825.291748 0.000000 3306.103271 0.000000 -0.486880 0.000000 0.873469 1.000000 1.000000 1.000000
4326.109375 0.000000 3091.532471 0.000000 -0.888579 0.000000 0.458723 1.000000 1.000000 1.000000
4499.488281 0.000000 3526.093262 0.000000 0.152410 0.000000 -0.988317 1.000000 1.000000 1.000000
4876.937500 0.000000 3445.616943 0.000000 -0.518664 0.000000 0.854978 1.000000 1.000000 1.000000
5000.531250 0.000000 3329.566895 0.000000 0.639359 0.000000 0.768908 1.000000 1.000000 1.000000
4722.274414 0.000000 3678.562744 0.000000 0.461654 0.000000 0.887060 1.000000 1.000000 1.000000
4619.434570 0.000000 3532.038086 0.000000 0.713723 0.000000 0.700428 1.000000 1.000000 1.000000
247.797638 0.000000 4657.748047 0.000000 0.474368 0.000000 0.880327 0.905988 0.905988 0.905988
1818.877563 0.000000 2414.318604 0.000000 0.862487 0.000000 0.506079 1.000000 1.000000 1.000000
3187.174561 0.000000 1110.359863 0.000000 -0.495551 0.000000 -0.868579 1.000000 1.000000 1.000000
3155.967041 0.000000 2521.660156 0.000000 -0.988410 0.000000 0.151806 1.000000 1.000000 1.000000
2097.778076 0.000000 4016.936035 0.000000 0.872656 0.000000 -0.488336 1.000000 1.000000 1.000000
5508.416016 0.000000 2393.843262 0.000000 0.466119 0.000000 0.884722 1.000000 1.000000 1.000000
7101.302734 0.000000 2599.676025 0.000000 0.551892 0.000000 0.833915 1.000000 1.000000 1.000000
7130.705078 0.000000 3064.697266 0.000000 -0.335282 0.000000 0.942118 1.000000 1.000000 1.000000
6514.842773 0.000000 2502.220459 0.000000 -0.926397 0.000000 -0.376548 1.000000 1.000000 1.000000
6531.369141 0.000000 2952.093994 0.000000 0.000000 0.000000 1.000000 1.000000 1.000000 1.000000
6297.753906 0.000000 3304.179688 0.000000 0.000000 0.000000 1.000000 1.000000 1.000000 1.000000
"}
object={
	name="horse_b_galloping"
	render_pass=Map
	clamp_to_water_level=no
	generated_content=no
	layer="unit_layer"
	entity="unit_horse_01_b_galloping_entity"
	count=8
	transform="3355.342285 0.000000 3129.841553 0.000000 -0.762585 0.000000 -0.646888 1.186694 1.186694 1.186694
3645.947754 0.000000 3339.094482 0.000000 -0.486880 0.000000 0.873469 1.000000 1.000000 1.000000
4347.886719 0.000000 3542.346680 0.000000 -0.653053 0.000000 0.757312 1.000000 1.000000 1.000000
4575.712891 0.000000 3160.787354 0.000000 -0.059727 0.000000 -0.998214 1.187573 1.187573 1.187573
3279.537598 0.000000 2397.087158 0.000000 0.278290 0.000000 0.960497 0.861792 0.861792 0.861792
5060.263672 0.000000 3413.552002 0.000000 0.832047 0.000000 0.554705 1.000000 1.000000 1.000000
4794.686523 0.000000 3721.306885 0.000000 0.592301 0.000000 0.805717 1.000000 1.000000 1.000000
4344.749023 0.000000 3545.164307 0.000000 -0.596718 0.000000 0.802451 1.000000 1.000000 1.000000
"}
object={
	name="horse_b_grazing"
	render_pass=Map
	clamp_to_water_level=no
	generated_content=no
	layer="unit_layer"
	entity="unit_horse_01_b_eating_grass_entity"
	count=20
	transform="3178.192383 0.000000 3391.071045 0.000000 -0.992890 0.000000 0.119036 1.000000 1.000000 1.000000
3486.208252 0.000000 3491.535889 0.000000 -0.863180 0.000000 0.504896 1.000000 1.000000 1.000000
3832.816162 0.000000 3389.232422 0.000000 -0.524679 0.000000 0.851301 1.000000 1.000000 1.000000
4306.774414 0.000000 3589.032471 0.000000 -0.313646 0.000000 0.949540 1.000000 1.000000 1.000000
4492.354492 0.000000 3511.413574 0.000000 0.644033 0.000000 -0.764997 1.000000 1.000000 1.000000
4837.837891 0.000000 3435.686035 0.000000 0.600336 0.000000 0.799748 1.000000 1.000000 1.000000
5118.471680 0.000000 3422.822510 0.000000 0.832047 0.000000 0.554705 1.000000 1.000000 1.000000
4595.679688 0.000000 3593.181885 0.000000 0.000000 0.000000 1.000000 1.000000 1.000000 1.000000
2480.622559 0.000000 3224.748047 0.000000 0.572255 0.000000 0.820076 0.987402 0.987402 0.987402
1879.219360 0.000000 4133.088867 0.000000 0.523509 0.000000 0.852020 1.000000 1.000000 1.000000
575.251404 0.000000 2513.843262 0.000000 0.382783 0.000000 0.923838 1.000000 1.000000 1.000000
1416.236938 0.000000 2391.831543 0.000000 -0.374389 0.000000 0.927272 1.000000 1.000000 1.000000
2944.118896 0.000000 2124.166748 0.000000 0.889761 0.000000 0.456427 1.000000 1.000000 1.000000
4774.652344 0.000000 2414.510742 -0.000000 0.150542 0.000000 0.988604 1.000000 1.000000 1.000000
3370.809570 0.000000 3708.418213 0.000000 0.004523 0.000000 -0.999990 1.000000 1.000000 1.000000
6326.351562 0.000000 3076.564453 0.000000 0.000000 0.000000 1.000000 1.000000 1.000000 1.000000
6791.779297 0.000000 2785.883301 0.000000 0.000000 0.000000 1.000000 1.000000 1.000000 1.000000
6744.325195 0.000000 2429.664307 0.000000 -0.689104 0.000000 0.724662 1.000000 1.000000 1.000000
6727.666992 0.000000 2982.752441 0.000000 0.945545 0.000000 -0.325491 1.000000 1.000000 1.000000
6176.144531 0.000000 2932.508057 0.000000 0.342098 0.000000 0.939664 1.000000 1.000000 1.000000
"}
object={
	name="horse_c_galloping"
	render_pass=Map
	clamp_to_water_level=no
	generated_content=no
	layer="unit_layer"
	entity="unit_horse_01_c_galloping_entity"
	count=7
	transform="3413.321777 0.000000 3448.824219 0.000000 0.728082 0.000000 0.685490 1.000000 1.000000 1.000000
3653.115723 0.000000 3329.936523 0.000000 -0.482476 0.000000 0.875910 1.000000 1.000000 1.000000
4351.940430 0.000000 3532.859619 0.000000 -0.563009 0.000000 0.826451 1.000000 1.000000 1.000000
4532.674805 0.000000 3622.274658 0.000000 0.109218 0.000000 0.994018 1.000000 1.000000 1.000000
4986.272461 0.000000 3273.239014 0.000000 0.358650 0.000000 0.933472 1.000000 1.000000 1.000000
2936.790283 0.000000 3238.917725 0.000000 0.268368 0.000000 0.963317 1.000000 1.000000 1.000000
4800.635742 0.000000 3717.975586 0.000000 -0.549475 0.000000 -0.835511 1.000000 1.000000 1.000000
"}
object={
	name="horse_c_grazing"
	render_pass=Map
	clamp_to_water_level=no
	generated_content=no
	layer="unit_layer"
	entity="unit_horse_01_c_eating_grass_entity"
	count=20
	transform="3343.916260 0.000000 3235.550293 0.000000 -0.647582 0.000000 0.761995 1.000000 1.000000 1.000000
3820.371338 0.000000 3598.827881 0.000000 -0.139218 0.000000 -0.990262 1.000000 1.000000 1.000000
4147.247070 0.000000 3435.176514 0.000000 -0.828783 0.000000 0.559571 1.000000 1.000000 1.000000
4202.286133 0.000000 3542.173828 0.000000 0.445826 0.000000 0.895119 1.000000 1.000000 1.000000
4428.406250 0.000000 3693.963623 0.000000 0.936376 0.000000 0.350999 1.000000 1.000000 1.000000
5020.692383 0.000000 3302.593750 0.000000 0.310109 0.000000 0.950701 1.000000 1.000000 1.000000
4797.074219 0.000000 3349.633545 0.000000 0.592055 0.000000 0.805898 1.000000 1.000000 1.000000
4575.197266 0.000000 3540.755371 0.000000 0.795475 0.000000 -0.605987 1.000000 1.000000 1.000000
4333.767578 0.000000 3629.072021 0.000000 0.269161 0.000000 0.963095 0.955737 0.955737 0.955737
1836.469482 0.000000 4087.093018 0.000000 -0.266805 0.000000 0.963750 1.000000 1.000000 1.000000
1444.365234 0.000000 3424.134277 0.000000 -0.593498 0.000000 -0.804836 0.932861 0.932861 0.932861
611.436401 0.000000 881.179138 0.000000 0.642609 0.000000 -0.766194 1.000000 1.000000 1.000000
3147.520508 0.000000 2528.826172 0.000000 0.683254 0.000000 -0.730181 1.000000 1.000000 1.000000
4785.699219 0.000000 2407.864502 0.000000 0.672536 0.000000 -0.740064 1.000000 1.000000 1.000000
3385.108398 0.000000 3707.786377 0.000000 0.153592 0.000000 0.988134 1.000000 1.000000 1.000000
1044.067139 0.000000 3107.047607 -0.000000 -0.506187 0.000000 0.862424 1.000000 1.000000 1.000000
5981.809570 0.000000 2670.123291 0.000000 0.950209 0.000000 -0.311612 1.000000 1.000000 1.000000
6455.628906 0.000000 3040.787354 0.000000 0.972936 0.000000 -0.231074 1.000000 1.000000 1.000000
6745.196289 0.000000 3232.845703 0.000000 -0.883778 0.000000 0.467906 1.000000 1.000000 1.000000
6481.601562 0.000000 2697.320557 0.000000 0.509126 0.000000 0.860692 1.000000 1.000000 1.000000
"}
object={
	name="horse_d_galloping"
	render_pass=Map
	clamp_to_water_level=no
	generated_content=no
	layer="unit_layer"
	entity="unit_horse_01_d_galloping_entity"
	count=8
	transform="3357.066895 0.000000 3121.729248 0.000000 -0.728871 0.000000 -0.684651 0.796411 0.796411 0.796411
4064.999268 0.000000 3313.772705 0.000000 -0.633043 0.000000 -0.774117 1.000000 1.000000 1.000000
4062.045654 0.000000 3319.736084 0.000000 -0.688988 0.000000 -0.724772 1.000000 1.000000 1.000000
4529.471680 0.000000 3620.279053 0.000000 0.080662 0.000000 0.996741 0.934229 0.934229 0.934229
4990.387695 0.000000 3278.002441 0.000000 0.763296 0.000000 -0.646049 1.000000 1.000000 1.000000
3275.131104 0.000000 2407.617920 0.000000 0.374380 0.000000 0.927275 1.227317 1.227317 1.227317
4803.943359 0.000000 3714.143066 0.000000 0.502501 0.000000 0.864577 1.000000 1.000000 1.000000
6863.512695 0.000000 2804.751465 0.000000 0.000000 0.000000 1.000000 0.673118 0.673118 0.673118
"}
object={
	name="horse_d_grazing"
	render_pass=Map
	clamp_to_water_level=no
	generated_content=no
	layer="unit_layer"
	entity="unit_horse_01_d_eating_grass_entity"
	count=20
	transform="3340.529297 0.000000 3213.675781 0.000000 -0.863180 0.000000 0.504896 1.000000 1.000000 1.000000
3803.584961 0.000000 3304.681152 0.000000 0.376389 0.000000 0.926462 1.000000 1.000000 1.000000
4299.105469 0.000000 3549.391357 0.000000 0.484132 0.000000 0.874995 1.000000 1.000000 1.000000
4394.078125 0.000000 3471.305664 0.000000 -0.451834 0.000000 -0.892102 1.000000 1.000000 1.000000
4457.590820 0.000000 3744.912598 0.000000 0.464683 0.000000 0.885477 1.000000 1.000000 1.000000
5028.982422 0.000000 3321.150146 0.000000 0.795549 0.000000 -0.605889 1.000000 1.000000 1.000000
4851.394531 0.000000 3410.681641 0.000000 0.137865 0.000000 0.990451 1.000000 1.000000 1.000000
4634.638672 0.000000 3561.710693 0.000000 -0.299995 0.000000 0.953941 1.000000 1.000000 1.000000
4233.906250 0.000000 3797.485352 0.000000 0.000000 0.000000 1.000000 1.000000 1.000000 1.000000
785.798157 0.000000 3917.584961 0.000000 -0.393667 0.000000 0.919253 0.966333 0.966333 0.966333
1702.835815 0.000000 2761.276367 0.000000 0.979287 0.000000 -0.202476 0.796948 0.796948 0.796948
3177.172119 0.000000 1115.336182 0.000000 0.735320 0.000000 -0.677720 1.000000 1.000000 1.000000
3158.118652 0.000000 2530.123291 0.000000 0.851149 0.000000 -0.524924 1.000000 1.000000 1.000000
4776.410156 0.000000 2401.361328 0.000000 0.873847 0.000000 -0.486201 1.000000 1.000000 1.000000
3376.723633 0.000000 3700.335693 0.000000 -0.923451 0.000000 -0.383718 1.000000 1.000000 1.000000
1036.560913 0.000000 3104.822998 0.000000 0.466174 0.000000 0.884693 0.779468 0.779468 0.779468
5767.608398 0.000000 2706.716553 0.000000 0.000000 0.000000 1.000000 1.000000 1.000000 1.000000
6911.924805 0.000000 2555.351318 0.000000 0.000000 0.000000 1.000000 1.000000 1.000000 1.000000
6992.410156 0.000000 2931.565918 0.000000 0.881418 0.000000 -0.472336 1.000000 1.000000 1.000000
6520.735352 0.000000 2315.151367 0.000000 0.808567 0.000000 -0.588404 1.000000 1.000000 1.000000
"}
object={
	name="sheep_type_1"
	render_pass=Map
	clamp_to_water_level=no
	generated_content=no
	layer="unit_layer"
	entity="map_mpo_sheep_male_01_entity"
	count=46
	transform="2529.633789 0.000000 3329.475098 0.000000 -0.702491 0.000000 0.711693 1.000000 1.000000 1.000000
2514.795410 0.000000 3320.524170 0.000000 -0.435447 0.000000 -0.900214 1.000000 1.000000 1.000000
2770.388184 0.000000 3507.328369 0.000000 -0.420671 0.000000 -0.907213 1.000000 1.000000 1.000000
3161.781494 0.000000 3479.814941 0.000000 0.977652 0.000000 0.210230 1.000000 1.000000 1.000000
3497.745850 0.000000 3538.069824 0.000000 -0.401062 0.000000 0.916051 1.000000 1.000000 1.000000
3786.055664 0.000000 3407.866943 0.000000 -0.666939 0.000000 -0.745112 1.000000 1.000000 1.000000
3773.639160 0.000000 3404.960205 0.000000 0.344697 0.000000 -0.938714 1.000000 1.000000 1.000000
4104.632812 0.000000 3378.481201 0.000000 -0.922164 0.000000 -0.386800 1.000000 1.000000 1.000000
4120.000977 0.000000 3372.984375 -0.000000 -0.162379 0.000000 0.986728 1.000000 1.000000 1.000000
4055.118164 0.000000 3535.491455 0.000000 0.407447 0.000000 -0.913229 1.000000 1.000000 1.000000
4085.254150 0.000000 3665.371338 0.000000 -0.801305 0.000000 -0.598256 1.000000 1.000000 1.000000
4315.545898 0.000000 3676.665527 0.000000 -0.999866 0.000000 -0.016332 1.000000 1.000000 1.000000
4299.911133 0.000000 3706.123047 0.000000 0.919301 0.000000 0.393556 1.000000 1.000000 1.000000
4537.560547 0.000000 3522.209961 0.000000 -0.692672 0.000000 0.721252 1.000000 1.000000 1.000000
4969.441406 0.000000 3506.455566 0.000000 -0.990453 0.000000 0.137851 1.000000 1.000000 1.000000
4990.212891 0.000000 3489.868896 0.000000 0.950919 0.000000 0.309440 1.000000 1.000000 1.000000
4935.685547 0.000000 3366.231934 0.000000 0.986018 0.000000 -0.166639 1.000000 1.000000 1.000000
5164.456055 0.000000 3413.123535 0.000000 0.551765 0.000000 -0.834000 1.100024 1.100024 1.100024
3815.135010 0.000000 3634.235596 0.000000 0.997063 0.000000 0.076587 1.000000 1.000000 1.000000
3233.576416 0.000000 3331.095459 0.000000 0.725913 0.000000 -0.687787 1.000000 1.000000 1.000000
3111.342285 0.000000 3277.561768 0.000000 -0.861027 0.000000 0.508560 1.070410 1.070410 1.070410
3120.128906 0.000000 3261.791992 0.000000 0.707073 0.000000 -0.707142 0.885840 0.885840 0.885840
2888.648193 0.000000 3382.727051 0.000000 -0.798736 0.000000 0.601681 1.000000 1.000000 1.000000
2645.652344 0.000000 3179.205078 0.000000 -0.508922 0.000000 -0.860813 1.000000 1.000000 1.000000
297.215576 0.000000 4597.996094 0.000000 -0.265957 0.000000 -0.963985 1.000000 1.000000 1.000000
1671.225830 0.000000 3885.062988 0.000000 -0.403898 0.000000 0.914804 1.000000 1.000000 1.000000
1921.819580 0.000000 3970.388672 0.000000 0.304069 0.000000 0.952650 1.000000 1.000000 1.000000
2159.591553 0.000000 4153.644531 0.000000 0.908849 0.000000 0.417126 1.000000 1.000000 1.000000
882.802490 0.000000 3701.468506 0.000000 -0.844548 0.000000 -0.535480 1.000000 1.000000 1.000000
784.938660 0.000000 2647.713135 0.000000 -0.933607 0.000000 0.358299 1.000000 1.000000 1.000000
1475.133667 0.000000 3589.812012 0.000000 0.544032 -0.000000 -0.839065 1.000000 1.000000 1.000000
1506.203003 0.000000 3038.834229 0.000000 0.986325 0.000000 0.164815 1.000000 1.000000 1.000000
1876.649414 0.000000 2697.444824 0.000000 0.820622 0.000000 0.571471 1.000000 1.000000 1.000000
1021.031006 0.000000 881.146484 -0.000000 0.242939 0.000000 0.970042 1.000000 1.000000 1.000000
3074.740234 0.000000 2315.242432 0.000000 0.993588 0.000000 -0.113061 1.000000 1.000000 1.000000
3653.164307 0.000000 2414.098145 0.000000 -0.134459 0.000000 0.990919 1.000000 1.000000 1.000000
2635.183838 0.000000 3979.476074 0.000000 -0.011916 0.000000 -0.999929 1.000000 1.000000 1.000000
2365.679443 0.000000 3957.881348 -0.000000 -0.685526 0.000000 0.728048 1.000000 1.000000 1.000000
5940.419922 0.000000 2541.186768 0.000000 -0.120555 0.000000 0.992707 1.000000 1.000000 1.000000
5934.631836 0.000000 2547.962402 0.000000 0.000000 0.000000 1.000000 1.000000 1.000000 1.000000
6501.052734 0.000000 3119.239990 0.000000 0.000000 0.000000 1.000000 1.000000 1.000000 1.000000
6506.922852 0.000000 3139.656738 0.000000 -0.450204 0.000000 0.892926 1.000000 1.000000 1.000000
6887.047852 0.000000 2792.979248 0.000000 0.000000 0.000000 1.000000 1.000000 1.000000 1.000000
6898.282227 0.000000 2789.577881 0.000000 -0.699589 0.000000 0.714545 1.000000 1.000000 1.000000
6152.014648 0.000000 3402.505371 0.000000 -0.792511 0.000000 -0.609857 1.000000 1.000000 1.000000
6795.294922 0.000000 3536.753906 0.000000 0.000000 0.000000 1.000000 1.000000 1.000000 1.000000
"}
object={
	name="sheep_type_2"
	render_pass=Map
	clamp_to_water_level=no
	generated_content=no
	layer="unit_layer"
	entity="map_mpo_sheep_male_02_entity"
	count=47
	transform="2535.631348 0.000000 3329.242432 0.000000 0.922891 0.000000 -0.385063 1.000000 1.000000 1.000000
2898.773438 0.000000 3598.812744 0.000000 0.504316 0.000000 -0.863519 1.000000 1.000000 1.000000
3024.770508 0.000000 3433.737305 0.000000 0.997754 0.000000 0.066986 1.000000 1.000000 1.000000
3039.318115 0.000000 3427.821289 0.000000 -0.604593 0.000000 0.796534 1.000000 1.000000 1.000000
3137.944092 0.000000 3480.113281 0.000000 -0.279719 0.000000 -0.960082 1.128247 1.128247 1.128247
3520.954346 0.000000 3541.754150 0.000000 0.732464 0.000000 -0.680805 1.000000 1.000000 1.000000
3521.002930 0.000000 3552.328613 0.000000 -0.966379 0.000000 -0.257121 1.000000 1.000000 1.000000
3605.426514 0.000000 3393.562500 0.000000 -0.653885 0.000000 0.756594 1.000000 1.000000 1.000000
4145.475586 0.000000 3374.591553 0.000000 -0.342097 0.000000 -0.939665 1.000000 1.000000 1.000000
4130.070312 0.000000 3393.546387 0.000000 -0.978512 0.000000 -0.206192 1.000000 1.000000 1.000000
4082.579346 0.000000 3687.081543 0.000000 -0.081668 0.000000 -0.996660 1.000000 1.000000 1.000000
4292.542969 0.000000 3689.691650 0.000000 0.931777 0.000000 0.363031 1.000000 1.000000 1.000000
4322.583984 0.000000 3678.386719 0.000000 0.107958 0.000000 -0.994156 1.000000 1.000000 1.000000
4353.833008 0.000000 3475.100830 0.000000 -0.997658 0.000000 -0.068398 1.000000 1.000000 1.000000
4537.721680 0.000000 3513.421143 -0.000000 -0.058418 0.000000 0.998292 1.000000 1.000000 1.000000
4793.931641 0.000000 3810.539795 0.000000 -0.975326 0.000000 0.220770 1.000000 1.000000 1.000000
5169.581055 0.000000 3412.260254 0.000000 0.775799 0.000000 0.630980 1.000000 1.000000 1.000000
3786.800781 0.000000 3619.483154 -0.000000 0.847209 0.000000 0.531259 1.000000 1.000000 1.000000
3304.132080 0.000000 3500.951172 0.000000 0.971691 0.000000 -0.236253 1.000000 1.000000 1.000000
3126.785400 0.000000 3264.484131 0.000000 0.379210 0.000000 0.925311 1.000000 1.000000 1.000000
2879.084717 0.000000 3380.055908 0.000000 -0.302648 0.000000 -0.953102 1.000000 1.000000 1.000000
2881.886475 0.000000 3370.656250 0.000000 0.999760 0.000000 0.021918 1.000000 1.000000 1.000000
2628.057617 0.000000 2675.060059 0.000000 -0.370167 0.000000 0.928965 1.000000 1.000000 1.000000
1814.318970 0.000000 4080.694824 0.000000 0.804987 0.000000 -0.593293 1.000000 1.000000 1.000000
1912.137329 0.000000 3921.935547 0.000000 0.879181 0.000000 -0.476488 1.000000 1.000000 1.000000
1480.890015 0.000000 3827.817871 0.000000 0.658165 0.000000 -0.752874 1.000000 1.000000 1.000000
728.410278 0.000000 3840.069824 0.000000 0.337285 0.000000 0.941403 1.000000 1.000000 1.000000
822.874146 0.000000 3623.071045 0.000000 0.895671 0.000000 0.444718 1.000000 1.000000 1.000000
572.040649 0.000000 3659.007324 0.000000 0.216324 0.000000 0.976322 1.000000 1.000000 1.000000
506.552063 0.000000 2584.772461 0.000000 -0.490051 0.000000 0.871694 1.000000 1.000000 1.000000
1224.908081 0.000000 3228.065674 0.000000 -0.847527 0.000000 0.530753 1.000000 1.000000 1.000000
773.585449 0.000000 2302.640869 0.000000 0.309624 0.000000 -0.950859 1.000000 1.000000 1.000000
3039.293701 0.000000 1284.207642 0.000000 -0.333570 0.000000 -0.942725 1.000000 1.000000 1.000000
3282.465332 0.000000 2463.560059 0.000000 -0.458480 0.000000 0.888705 1.000000 1.000000 1.000000
4245.550781 0.000000 2685.433350 0.000000 -0.668154 0.000000 0.744023 1.000000 1.000000 1.000000
5305.349609 0.000000 1862.367554 -0.000000 0.041005 0.000000 0.999159 1.000000 1.000000 1.000000
5668.176758 0.000000 3578.824707 0.000000 0.998056 0.000000 0.062322 1.000000 1.000000 1.000000
2129.201660 0.000000 4050.701172 0.000000 0.429139 0.000000 -0.903238 1.000000 1.000000 1.000000
5933.276367 0.000000 2542.073975 0.000000 -0.795349 0.000000 0.606152 1.000000 1.000000 1.000000
5945.943359 0.000000 2543.993408 0.000000 -0.261754 0.000000 -0.965135 1.000000 1.000000 1.000000
5937.438477 0.000000 2554.946777 0.000000 0.590455 0.000000 0.807071 1.000000 1.000000 1.000000
5944.467773 0.000000 2554.270996 0.000000 0.999213 0.000000 0.039661 1.000000 1.000000 1.000000
6503.284180 0.000000 3111.471680 0.000000 0.000000 0.000000 1.000000 1.000000 1.000000 1.000000
6517.191406 0.000000 3120.656738 0.000000 -0.950898 0.000000 0.309504 1.000000 1.000000 1.000000
6496.199219 0.000000 3126.722900 0.000000 -0.275177 0.000000 -0.961393 1.000000 1.000000 1.000000
6140.268555 0.000000 3412.235107 0.000000 0.000000 0.000000 1.000000 1.000000 1.000000 1.000000
6766.189453 0.000000 3570.187012 0.000000 0.839475 0.000000 -0.543398 1.000000 1.000000 1.000000
"}
object={
	name="sheep_type_3"
	render_pass=Map
	clamp_to_water_level=no
	generated_content=no
	layer="unit_layer"
	entity="map_mpo_sheep_female_01_entity"
	count=149
	transform="2518.851562 0.000000 3334.086182 0.000000 0.341229 0.000000 0.939980 1.000000 1.000000 1.000000
2524.809814 0.000000 3320.167480 0.000000 -0.964633 0.000000 -0.263598 1.000000 1.000000 1.000000
2531.198486 0.000000 3324.108643 0.000000 -0.874152 0.000000 -0.485653 1.000000 1.000000 1.000000
2529.524658 0.000000 3326.504395 0.000000 0.985290 0.000000 -0.170891 1.000000 1.000000 1.000000
2508.974854 0.000000 3318.997314 0.000000 -0.156956 0.000000 0.987606 1.000000 1.000000 1.000000
2519.188965 0.000000 3307.849121 -0.000000 -0.895936 0.000000 0.444184 1.000000 1.000000 1.000000
2785.731445 0.000000 3514.494629 0.000000 -0.999349 0.000000 0.036081 1.000000 1.000000 1.000000
2782.732422 0.000000 3500.029541 0.000000 -0.762334 0.000000 0.647184 1.000000 1.000000 1.000000
2773.991211 0.000000 3502.454590 0.000000 -0.197088 0.000000 0.980386 1.000000 1.000000 1.000000
2778.627930 0.000000 3507.889893 0.000000 0.972987 0.000000 -0.230858 1.000000 1.000000 1.000000
2775.477051 0.000000 3495.509033 0.000000 0.055962 0.000000 -0.998433 1.000000 1.000000 1.000000
2902.057861 0.000000 3609.258545 0.000000 -0.994450 0.000000 -0.105210 1.000000 1.000000 1.000000
2909.626709 0.000000 3595.705078 0.000000 -0.250238 0.000000 -0.968184 1.000000 1.000000 1.000000
2914.471191 0.000000 3586.110596 0.000000 -0.875691 0.000000 0.482872 1.000000 1.000000 1.000000
2909.264648 0.000000 3580.488281 0.000000 0.805118 0.000000 0.593115 1.000000 1.000000 1.000000
3033.730957 0.000000 3427.544922 0.000000 0.788484 0.000000 -0.615055 1.000000 1.000000 1.000000
3035.645020 0.000000 3442.558594 -0.000000 0.539012 0.000000 0.842298 1.000000 1.000000 1.000000
3517.566895 0.000000 3538.860352 0.000000 0.190267 0.000000 0.981732 1.000000 1.000000 1.000000
3506.908203 0.000000 3545.693115 0.000000 0.627951 0.000000 -0.778253 1.000000 1.000000 1.000000
3488.567627 0.000000 3544.718262 0.000000 0.262150 0.000000 -0.965027 1.000000 1.000000 1.000000
3612.670898 0.000000 3389.396973 0.000000 -0.008927 0.000000 -0.999960 1.000000 1.000000 1.000000
3778.220703 0.000000 3404.788086 0.000000 -0.124592 0.000000 -0.992208 1.180981 1.180981 1.180981
3794.883789 0.000000 3393.739990 0.000000 -0.993908 0.000000 -0.110214 1.000000 1.000000 1.000000
3786.696533 0.000000 3402.814209 0.000000 0.321799 0.000000 0.946808 1.000000 1.000000 1.000000
3782.815674 0.000000 3396.126953 0.000000 -0.610285 0.000000 0.792182 1.000000 1.000000 1.000000
3776.231201 0.000000 3396.865234 0.000000 -0.104618 0.000000 -0.994513 1.180981 1.180981 1.180981
3943.329834 0.000000 3384.793945 0.000000 -0.905243 0.000000 0.424895 1.000000 1.000000 1.000000
3946.998291 0.000000 3396.410645 0.000000 0.140470 0.000000 -0.990085 1.000000 1.000000 1.000000
3947.608398 0.000000 3390.554688 0.000000 -0.995990 0.000000 -0.089463 1.000000 1.000000 1.000000
3970.866699 0.000000 3424.035156 0.000000 0.717607 0.000000 -0.696448 1.000000 1.000000 1.000000
4138.356445 0.000000 3364.640381 0.000000 0.580854 0.000000 -0.814007 1.000000 1.000000 1.000000
4158.501953 0.000000 3359.714111 0.000000 -0.773130 -0.000000 -0.634247 1.000000 1.000000 1.000000
4138.259766 0.000000 3376.429443 0.000000 -0.993745 0.000000 -0.111669 1.000000 1.000000 1.000000
4122.462891 0.000000 3399.393799 0.000000 0.647642 0.000000 -0.761944 1.000000 1.000000 1.000000
4097.725586 0.000000 3381.374756 0.000000 -0.925274 0.000000 0.379299 1.000000 1.000000 1.000000
4089.769043 0.000000 3374.475342 0.000000 -0.308220 0.000000 0.951315 1.000000 1.000000 1.000000
4117.252930 0.000000 3373.803223 0.000000 -0.916101 0.000000 0.400949 1.000000 1.000000 1.000000
4119.397461 0.000000 3398.224365 0.000000 -0.865406 0.000000 0.501072 1.000000 1.000000 1.000000
4045.285645 0.000000 3528.561279 0.000000 0.407580 0.000000 0.913170 1.000000 1.000000 1.000000
4059.027588 0.000000 3528.583496 0.000000 0.939282 0.000000 0.343147 1.000000 1.000000 1.000000
4079.465332 0.000000 3662.774902 0.000000 -0.425713 0.000000 -0.904858 1.000000 1.000000 1.000000
4098.072266 0.000000 3662.334473 0.000000 -0.946090 0.000000 -0.323905 1.000000 1.000000 1.000000
4079.355469 0.000000 3679.017578 0.000000 -0.760572 -0.000000 -0.649254 1.000000 1.000000 1.000000
4087.925537 0.000000 3691.205078 0.000000 0.122893 0.000000 -0.992420 1.000000 1.000000 1.000000
4294.784180 0.000000 3691.077637 0.000000 -0.752973 0.000000 0.658051 1.000000 1.000000 1.000000
4310.661133 0.000000 3704.150879 0.000000 -0.985821 0.000000 -0.167802 1.000000 1.000000 1.000000
4310.985352 0.000000 3687.957520 0.000000 -0.580418 0.000000 -0.814319 1.000000 1.000000 1.000000
4297.695312 0.000000 3676.035400 0.000000 -0.286072 -0.000000 -0.958208 1.000000 1.000000 1.000000
4303.318359 0.000000 3689.973633 0.000000 -0.445767 0.000000 -0.895149 1.000000 1.000000 1.000000
4527.761719 0.000000 3504.819092 0.000000 -0.185827 0.000000 0.982582 1.000000 1.000000 1.000000
4519.314453 0.000000 3514.943115 0.000000 0.890433 0.000000 -0.455114 1.000000 1.000000 1.000000
4807.544922 0.000000 3809.631836 0.000000 -0.939618 0.000000 -0.342225 1.000000 1.000000 1.000000
4957.002930 0.000000 3500.718506 -0.000000 0.446001 0.000000 0.895033 1.000000 1.000000 1.000000
4970.743164 0.000000 3481.969727 0.000000 -0.153616 0.000000 0.988131 1.000000 1.000000 1.000000
4981.397461 0.000000 3508.997314 0.000000 -0.169454 0.000000 0.985538 1.000000 1.000000 1.000000
4978.899414 0.000000 3497.205566 0.000000 0.632876 0.000000 -0.774253 1.000000 1.000000 1.000000
5000.804688 0.000000 3511.411621 0.000000 0.209372 0.000000 0.977836 1.000000 1.000000 1.000000
4942.668945 0.000000 3503.504395 0.000000 -0.959944 0.000000 -0.280191 1.000000 1.000000 1.000000
4945.887695 0.000000 3360.355469 0.000000 0.247535 0.000000 0.968879 1.000000 1.000000 1.000000
4928.327148 0.000000 3365.910156 0.000000 0.953479 0.000000 0.301458 1.000000 1.000000 1.000000
5174.958008 0.000000 3416.023438 0.000000 0.999821 0.000000 0.018933 1.100024 1.100024 1.100024
5162.358398 0.000000 3433.453857 0.000000 0.289935 0.000000 -0.957047 1.100024 1.100024 1.100024
3831.596924 0.000000 3639.570312 0.000000 0.555016 0.000000 0.831839 1.000000 1.000000 1.000000
3840.723877 0.000000 3625.916748 0.000000 0.985198 0.000000 0.171420 1.000000 1.000000 1.000000
3779.826172 0.000000 3636.444580 0.000000 0.323242 -0.000000 -0.946316 1.000000 1.000000 1.000000
3790.141602 0.000000 3606.000732 0.000000 -0.070677 -0.000000 -0.997499 1.000000 1.000000 1.000000
3810.393311 0.000000 3623.438232 0.000000 -0.598053 0.000000 0.801456 1.000000 1.000000 1.000000
3763.655029 0.000000 3623.771973 0.000000 0.649783 0.000000 0.760119 1.000000 1.000000 1.000000
3298.174316 0.000000 3494.604004 0.000000 -0.135525 0.000000 0.990774 1.000000 1.000000 1.000000
3310.389404 0.000000 3493.563232 0.000000 0.959136 0.000000 0.282946 1.000000 1.000000 1.000000
3309.403320 0.000000 3496.075928 -0.000000 -0.925162 0.000000 0.379573 1.000000 1.000000 1.000000
3236.317871 0.000000 3324.613525 0.000000 -0.323595 0.000000 0.946196 1.000000 1.000000 1.000000
3129.219727 0.000000 3285.536133 0.000000 -0.942202 0.000000 0.335045 1.000000 1.000000 1.000000
3113.571777 0.000000 3265.269775 0.000000 0.924585 0.000000 -0.380975 1.000000 1.000000 1.000000
3115.537842 0.000000 3272.080322 0.000000 0.018492 0.000000 0.999829 0.885840 0.885840 0.885840
3101.299561 0.000000 3283.459229 0.000000 0.955241 0.000000 -0.295829 1.000000 1.000000 1.000000
3107.006592 0.000000 3261.409912 0.000000 0.999166 0.000000 -0.040829 1.000000 1.000000 1.000000
3120.746338 0.000000 3278.852051 0.000000 -0.999906 0.000000 0.013748 1.070410 1.070410 1.070410
3120.847656 0.000000 3259.962158 0.000000 0.809945 0.000000 0.586507 1.000000 1.000000 1.000000
3102.375732 0.000000 3274.449707 0.000000 -0.439559 0.000000 0.898214 1.000000 1.000000 1.000000
3123.279785 0.000000 3271.496582 0.000000 0.945125 0.000000 -0.326710 0.885840 0.885840 0.885840
2868.734863 0.000000 3377.080322 0.000000 -0.945000 0.000000 0.327070 1.000000 1.000000 1.000000
2887.505371 0.000000 3358.778076 0.000000 0.814935 0.000000 -0.579553 1.000000 1.000000 1.000000
2898.023193 0.000000 3378.770508 0.000000 -0.657600 0.000000 -0.753367 1.000000 1.000000 1.000000
2892.068115 0.000000 3377.304932 0.000000 0.873491 0.000000 0.486840 1.000000 1.000000 1.000000
2635.777588 0.000000 3187.252197 0.000000 -0.402121 0.000000 -0.915586 1.000000 1.000000 1.000000
2649.320801 0.000000 3185.180664 0.000000 0.999260 0.000000 -0.038471 1.000000 1.000000 1.000000
2644.323486 0.000000 3191.210693 0.000000 -0.761390 0.000000 0.648294 1.000000 1.000000 1.000000
304.833862 0.000000 4601.534180 -0.000000 0.401278 0.000000 0.915956 1.000000 1.000000 1.000000
303.225098 0.000000 4597.470703 0.000000 -0.012908 0.000000 0.999917 1.000000 1.000000 1.000000
1817.292358 0.000000 4082.362793 0.000000 -0.734120 0.000000 -0.679020 1.000000 1.000000 1.000000
1821.339844 0.000000 4085.921387 0.000000 -0.333872 0.000000 0.942619 1.000000 1.000000 1.000000
1676.723633 0.000000 3879.100098 0.000000 0.703669 0.000000 -0.710528 1.000000 1.000000 1.000000
1669.163208 0.000000 3881.013916 0.000000 0.602910 0.000000 -0.797809 1.000000 1.000000 1.000000
1911.510742 0.000000 3927.578857 0.000000 0.536504 0.000000 0.843898 1.000000 1.000000 1.000000
1910.585449 0.000000 3919.163086 0.000000 -0.675271 0.000000 0.737569 1.000000 1.000000 1.000000
1926.341187 0.000000 3966.251221 0.000000 0.183758 -0.000000 -0.982971 1.000000 1.000000 1.000000
2167.058838 0.000000 4153.109375 0.000000 0.222074 0.000000 -0.975030 1.000000 1.000000 1.000000
1476.073364 0.000000 3828.414307 0.000000 -0.859181 0.000000 -0.511672 1.000000 1.000000 1.000000
733.746094 0.000000 3836.999023 0.000000 -0.773136 0.000000 -0.634240 1.000000 1.000000 1.000000
725.590454 0.000000 3836.230713 0.000000 -0.781568 0.000000 0.623820 1.000000 1.000000 1.000000
820.523132 0.000000 3620.035156 0.000000 0.991881 0.000000 0.127172 1.000000 1.000000 1.000000
818.325256 0.000000 3625.325439 0.000000 0.037282 0.000000 -0.999305 1.000000 1.000000 1.000000
828.321777 0.000000 3626.995605 0.000000 0.999683 0.000000 0.025176 1.000000 1.000000 1.000000
882.796814 0.000000 3695.650146 0.000000 -0.999285 0.000000 -0.037807 1.000000 1.000000 1.000000
573.067749 0.000000 3655.072266 0.000000 -0.188824 0.000000 0.982011 1.000000 1.000000 1.000000
792.718506 0.000000 2646.820557 -0.000000 0.218593 0.000000 0.975816 1.000000 1.000000 1.000000
786.122559 0.000000 2642.376465 -0.000000 0.293588 0.000000 0.955932 1.000000 1.000000 1.000000
513.534180 0.000000 2580.952393 0.000000 -0.936996 -0.000000 -0.349340 1.000000 1.000000 1.000000
501.801849 0.000000 2587.514648 0.000000 -0.538392 0.000000 -0.842694 1.000000 1.000000 1.000000
1483.257690 0.000000 3596.946777 0.000000 -0.974496 0.000000 -0.224404 1.000000 1.000000 1.000000
1483.216675 0.000000 3590.149170 -0.000000 -0.230986 0.000000 0.972957 1.000000 1.000000 1.000000
1235.256104 0.000000 3228.997070 0.000000 -0.990610 0.000000 -0.136721 1.000000 1.000000 1.000000
1240.542725 0.000000 3221.037109 0.000000 -0.672971 0.000000 -0.739669 1.000000 1.000000 1.000000
1228.067627 0.000000 3221.764648 0.000000 0.874276 0.000000 -0.485429 1.000000 1.000000 1.000000
1516.097290 0.000000 3035.806152 0.000000 0.633954 0.000000 0.773370 1.000000 1.000000 1.000000
1510.380615 0.000000 3032.627686 0.000000 -0.211958 0.000000 -0.977279 1.000000 1.000000 1.000000
1506.996704 0.000000 3030.891602 0.000000 0.654618 0.000000 -0.755960 1.000000 1.000000 1.000000
1883.434326 0.000000 2689.801270 0.000000 0.829558 0.000000 -0.558420 1.000000 1.000000 1.000000
1887.913086 0.000000 2693.142090 0.000000 0.236889 0.000000 -0.971537 1.000000 1.000000 1.000000
777.765076 0.000000 2308.456055 0.000000 0.748027 0.000000 0.663669 1.000000 1.000000 1.000000
777.790527 0.000000 2299.642334 0.000000 0.665658 0.000000 -0.746257 1.000000 1.000000 1.000000
1025.774170 0.000000 882.862671 0.000000 -0.999763 0.000000 0.021772 1.000000 1.000000 1.000000
1029.990479 0.000000 881.628845 0.000000 -0.983597 0.000000 0.180378 1.000000 1.000000 1.000000
3050.423340 0.000000 1281.421631 0.000000 -0.692661 0.000000 0.721263 1.000000 1.000000 1.000000
3053.829346 0.000000 1285.519287 0.000000 0.658036 0.000000 -0.752986 1.000000 1.000000 1.000000
3081.759766 0.000000 2318.543457 0.000000 0.789840 0.000000 0.613313 1.000000 1.000000 1.000000
3080.551758 0.000000 2312.226807 0.000000 0.769332 0.000000 -0.638849 1.000000 1.000000 1.000000
3286.555420 0.000000 2460.992676 0.000000 -0.854835 0.000000 -0.518900 1.000000 1.000000 1.000000
3282.668945 0.000000 2469.783203 0.000000 0.109765 0.000000 -0.993958 1.000000 1.000000 1.000000
3289.256592 0.000000 2462.850830 0.000000 0.962733 0.000000 -0.270454 1.000000 1.000000 1.000000
3655.427734 0.000000 2407.996338 0.000000 0.199937 0.000000 0.979809 1.000000 1.000000 1.000000
3645.817383 0.000000 2414.872559 0.000000 -0.999972 0.000000 0.007433 1.000000 1.000000 1.000000
4254.535156 0.000000 2684.825928 0.000000 -0.384905 0.000000 0.922956 1.000000 1.000000 1.000000
4250.503906 0.000000 2689.953857 0.000000 0.813578 0.000000 -0.581455 1.000000 1.000000 1.000000
4239.725586 0.000000 2687.746338 0.000000 -0.971360 0.000000 -0.237614 1.000000 1.000000 1.000000
5305.129883 0.000000 1869.980957 0.000000 0.617226 -0.000000 -0.786786 1.000000 1.000000 1.000000
5314.281250 0.000000 1860.063843 0.000000 -0.970272 0.000000 -0.242018 1.000000 1.000000 1.000000
2639.386475 0.000000 3987.412109 0.000000 0.969674 0.000000 0.244402 1.000000 1.000000 1.000000
2361.433350 0.000000 3961.131104 0.000000 0.997280 0.000000 0.073700 1.000000 1.000000 1.000000
2368.366699 0.000000 3961.001709 0.000000 -0.410190 0.000000 -0.912000 1.000000 1.000000 1.000000
2365.356934 0.000000 3952.120361 0.000000 0.716425 -0.000000 -0.697664 1.000000 1.000000 1.000000
2131.993408 0.000000 4046.950928 0.000000 -0.548232 0.000000 -0.836326 1.000000 1.000000 1.000000
2135.656738 0.000000 4049.120605 0.000000 0.999961 0.000000 -0.008880 1.000000 1.000000 1.000000
2139.535400 0.000000 4044.297119 0.000000 -0.994184 0.000000 0.107691 1.000000 1.000000 1.000000
6508.425781 0.000000 3123.928955 0.000000 -0.215746 0.000000 0.976450 1.000000 1.000000 1.000000
7075.007812 0.000000 2888.927002 0.000000 0.000000 0.000000 1.000000 1.000000 1.000000 1.000000
7088.863281 0.000000 2896.021973 0.000000 0.750034 0.000000 -0.661399 1.000000 1.000000 1.000000
7091.617188 0.000000 2892.412354 0.000000 0.492617 0.000000 -0.870246 1.000000 1.000000 1.000000
"}
object={
	name="sheep_type_4"
	render_pass=Map
	clamp_to_water_level=no
	generated_content=no
	layer="unit_layer"
	entity="map_mpo_sheep_female_02_entity"
	count=147
	transform="2541.373047 0.000000 3315.984375 0.000000 0.788441 0.000000 -0.615110 1.000000 1.000000 1.000000
2534.765381 0.000000 3315.932861 0.000000 0.135486 0.000000 0.990779 1.000000 1.000000 1.000000
2522.010498 0.000000 3328.304199 0.000000 0.907118 0.000000 0.420875 1.000000 1.000000 1.000000
2544.443115 0.000000 3324.487793 0.000000 -0.794927 0.000000 0.606705 1.000000 1.000000 1.000000
2519.869873 0.000000 3315.861084 0.000000 -0.737506 0.000000 -0.675340 1.000000 1.000000 1.000000
2525.802979 0.000000 3329.282227 0.000000 0.643543 0.000000 -0.765410 1.000000 1.000000 1.000000
2904.090820 0.000000 3601.383057 0.000000 -0.981609 0.000000 0.190901 1.000000 1.000000 1.000000
2911.889648 0.000000 3607.247314 0.000000 -0.994138 0.000000 -0.108119 1.000000 1.000000 1.000000
2899.930176 0.000000 3593.075439 0.000000 0.025778 0.000000 0.999668 1.000000 1.000000 1.000000
3032.453369 0.000000 3434.263184 0.000000 0.349438 0.000000 -0.936960 1.000000 1.000000 1.000000
3031.745605 0.000000 3445.847168 0.000000 0.779031 0.000000 0.626986 1.000000 1.000000 1.000000
3030.471436 0.000000 3427.474854 0.000000 0.961732 0.000000 -0.273991 1.000000 1.000000 1.000000
3048.791504 0.000000 3439.987061 0.000000 -0.999829 0.000000 -0.018496 1.000000 1.000000 1.000000
3153.204346 0.000000 3480.093262 0.000000 0.788302 0.000000 0.615288 1.000000 1.000000 1.000000
3150.886963 0.000000 3466.584717 0.000000 -0.225698 0.000000 0.974198 1.000000 1.000000 1.000000
3125.935059 0.000000 3478.471924 0.000000 -0.718390 0.000000 -0.695640 1.000000 1.000000 1.000000
3137.765137 0.000000 3464.937500 0.000000 0.693281 0.000000 -0.720667 1.128247 1.128247 1.128247
3139.545898 0.000000 3488.521729 0.000000 0.341726 0.000000 0.939800 1.000000 1.000000 1.000000
3146.225342 0.000000 3474.104492 -0.000000 -0.916424 0.000000 0.400210 1.128247 1.128247 1.128247
3493.348145 0.000000 3534.538086 -0.000000 0.688645 0.000000 0.725099 1.000000 1.000000 1.000000
3507.568604 0.000000 3556.229004 0.000000 0.322273 0.000000 -0.946647 1.000000 1.000000 1.000000
3502.822998 0.000000 3557.490479 0.000000 0.997683 0.000000 -0.068030 1.000000 1.000000 1.000000
3508.997803 0.000000 3536.908691 -0.000000 0.114184 0.000000 0.993460 1.000000 1.000000 1.000000
3507.846191 0.000000 3530.143311 0.000000 0.978074 0.000000 -0.208256 1.000000 1.000000 1.000000
3514.666748 0.000000 3549.202881 0.000000 -0.879007 0.000000 0.476809 1.000000 1.000000 1.000000
3596.331055 0.000000 3400.281494 0.000000 0.949202 0.000000 0.314667 1.000000 1.000000 1.000000
3602.237061 0.000000 3404.953857 0.000000 0.855020 0.000000 -0.518595 1.000000 1.000000 1.000000
3942.573242 0.000000 3392.518555 0.000000 -0.978436 0.000000 0.206550 1.000000 1.000000 1.000000
3935.927979 0.000000 3379.913086 0.000000 0.027390 -0.000000 -0.999625 1.000000 1.000000 1.000000
4113.873047 0.000000 3363.755127 0.000000 -0.358341 0.000000 0.933591 1.000000 1.000000 1.000000
4147.880859 0.000000 3358.074707 0.000000 0.639169 0.000000 0.769067 1.000000 1.000000 1.000000
4118.666016 0.000000 3396.252930 0.000000 -0.317017 0.000000 -0.948420 1.000000 1.000000 1.000000
4136.662109 0.000000 3405.360107 0.000000 0.552399 0.000000 -0.833580 1.000000 1.000000 1.000000
4094.582275 0.000000 3361.637695 0.000000 0.173358 0.000000 -0.984859 1.000000 1.000000 1.000000
4084.427979 0.000000 3394.621582 0.000000 0.000000 0.000000 1.000000 1.000000 1.000000 1.000000
4106.712891 0.000000 3379.852783 0.000000 0.106528 0.000000 0.994310 1.000000 1.000000 1.000000
4039.147949 0.000000 3525.314941 0.000000 0.829866 0.000000 0.557963 1.000000 1.000000 1.000000
4089.644287 0.000000 3677.841309 0.000000 0.548473 0.000000 0.836168 1.000000 1.000000 1.000000
4103.180664 0.000000 3673.181152 0.000000 -0.605893 0.000000 -0.795546 1.000000 1.000000 1.000000
4075.521484 0.000000 3668.341064 0.000000 -0.456508 0.000000 -0.889719 1.000000 1.000000 1.000000
4304.696289 0.000000 3681.611816 0.000000 0.168421 -0.000000 -0.985715 1.000000 1.000000 1.000000
4318.563477 0.000000 3689.767334 0.000000 0.962473 0.000000 0.271379 1.000000 1.000000 1.000000
4321.717773 0.000000 3698.453613 0.000000 -0.919711 0.000000 -0.392596 1.000000 1.000000 1.000000
4301.897461 0.000000 3682.619141 0.000000 -0.999604 0.000000 -0.028129 1.000000 1.000000 1.000000
4299.809570 0.000000 3695.264648 0.000000 0.382976 0.000000 -0.923758 1.000000 1.000000 1.000000
4288.136719 0.000000 3697.497559 0.000000 0.808023 0.000000 0.589151 1.000000 1.000000 1.000000
4319.456055 0.000000 3681.422852 0.000000 -0.921904 0.000000 -0.387419 1.000000 1.000000 1.000000
4356.600586 0.000000 3466.760986 0.000000 0.792476 0.000000 0.609904 1.000000 1.000000 1.000000
4348.361328 0.000000 3480.863281 0.000000 0.673417 0.000000 -0.739263 1.000000 1.000000 1.000000
4533.997070 0.000000 3519.147949 0.000000 0.106774 -0.000000 -0.994283 1.000000 1.000000 1.000000
4524.414062 0.000000 3520.430420 0.000000 0.500431 0.000000 0.865777 1.000000 1.000000 1.000000
4520.096680 0.000000 3508.281006 0.000000 -0.344085 0.000000 0.938938 1.000000 1.000000 1.000000
4533.829102 0.000000 3509.269287 0.000000 0.680639 0.000000 -0.732619 1.000000 1.000000 1.000000
4527.900391 0.000000 3521.755859 0.000000 -0.640824 0.000000 0.767688 1.000000 1.000000 1.000000
4797.584961 0.000000 3806.231201 0.000000 -0.156719 0.000000 0.987643 1.000000 1.000000 1.000000
4938.885742 0.000000 3360.852295 0.000000 -0.383547 0.000000 0.923522 1.000000 1.000000 1.000000
4936.367188 0.000000 3375.020752 0.000000 0.997831 0.000000 0.065828 1.000000 1.000000 1.000000
5177.315430 0.000000 3423.596436 0.000000 -0.464007 0.000000 -0.885832 1.000000 1.000000 1.000000
5172.652344 0.000000 3430.601318 -0.000000 -0.364637 0.000000 0.931150 1.000000 1.000000 1.000000
5162.998047 0.000000 3410.315918 0.000000 -0.999490 0.000000 0.031927 1.000000 1.000000 1.000000
3801.149170 0.000000 3637.515137 0.000000 -0.098135 -0.000000 -0.995173 1.000000 1.000000 1.000000
3816.441650 0.000000 3648.049072 -0.000000 -0.813124 0.000000 0.582090 1.000000 1.000000 1.000000
3828.341309 0.000000 3614.563232 0.000000 0.232149 0.000000 -0.972680 1.000000 1.000000 1.000000
3807.269531 0.000000 3599.672119 -0.000000 0.700686 0.000000 0.713470 1.000000 1.000000 1.000000
3811.757812 0.000000 3614.249512 0.000000 0.352482 -0.000000 -0.935818 1.000000 1.000000 1.000000
3290.901611 0.000000 3498.307861 0.000000 0.698381 0.000000 -0.715726 1.000000 1.000000 1.000000
3226.541748 0.000000 3328.781006 0.000000 -0.940534 0.000000 0.339700 1.000000 1.000000 1.000000
3238.642090 0.000000 3339.481445 0.000000 -0.209467 0.000000 -0.977816 1.000000 1.000000 1.000000
3124.378418 0.000000 3279.115967 0.000000 0.383612 0.000000 0.923494 1.000000 1.000000 1.000000
3132.383789 0.000000 3267.079590 0.000000 0.880781 0.000000 -0.473523 1.070410 1.070410 1.070410
3115.644287 0.000000 3292.118896 -0.000000 0.566347 0.000000 0.824166 0.885840 0.885840 0.885840
3113.339600 0.000000 3270.262695 0.000000 0.808455 0.000000 -0.588558 1.070410 1.070410 1.070410
3104.409180 0.000000 3294.383789 0.000000 -0.736624 0.000000 0.676303 1.000000 1.000000 1.000000
3105.611816 0.000000 3270.017578 0.000000 0.744394 0.000000 0.667741 1.000000 1.000000 1.000000
3108.430664 0.000000 3256.974365 -0.000000 0.604425 0.000000 0.796662 1.070410 1.070410 1.070410
3110.327881 0.000000 3284.204102 0.000000 0.995549 0.000000 -0.094248 1.000000 1.000000 1.000000
2870.424316 0.000000 3393.034424 0.000000 0.429988 0.000000 -0.902834 1.000000 1.000000 1.000000
2886.569092 0.000000 3368.164795 0.000000 0.013695 0.000000 -0.999906 1.000000 1.000000 1.000000
2907.805664 0.000000 3380.003906 0.000000 0.936273 0.000000 0.351274 1.000000 1.000000 1.000000
2886.963867 0.000000 3392.674072 0.000000 0.357308 0.000000 0.933987 1.000000 1.000000 1.000000
2869.895020 0.000000 3388.241455 0.000000 -0.998727 0.000000 0.050436 1.000000 1.000000 1.000000
2636.353760 0.000000 3190.878906 0.000000 0.983473 0.000000 -0.181057 1.000000 1.000000 1.000000
2638.959473 0.000000 2677.884033 0.000000 0.255028 -0.000000 -0.966934 1.000000 1.000000 1.000000
2628.318604 0.000000 3191.530518 0.000000 -0.909443 0.000000 -0.415828 1.000000 1.000000 1.000000
300.534546 0.000000 4601.541016 0.000000 0.953250 0.000000 0.302182 1.000000 1.000000 1.000000
1824.494507 0.000000 4087.561279 0.000000 -0.445808 0.000000 -0.895129 1.000000 1.000000 1.000000
1813.841797 0.000000 4076.738525 0.000000 -0.411681 0.000000 -0.911328 1.000000 1.000000 1.000000
1678.609985 0.000000 3883.553467 0.000000 -0.429650 -0.000000 -0.902995 1.000000 1.000000 1.000000
1917.531372 0.000000 3967.928711 0.000000 -0.317869 0.000000 0.948135 1.000000 1.000000 1.000000
1917.775513 0.000000 3974.056885 0.000000 -0.582280 0.000000 0.812989 1.000000 1.000000 1.000000
1925.495239 0.000000 3978.238525 0.000000 0.847637 0.000000 -0.530577 1.000000 1.000000 1.000000
2164.781006 0.000000 4151.755859 0.000000 0.995618 0.000000 -0.093512 1.000000 1.000000 1.000000
2167.349609 0.000000 4148.495117 0.000000 0.619602 0.000000 0.784916 1.000000 1.000000 1.000000
1486.258545 0.000000 3828.822754 0.000000 -0.265919 0.000000 -0.963996 1.000000 1.000000 1.000000
1483.075928 0.000000 3833.981689 -0.000000 -0.021298 0.000000 0.999773 1.000000 1.000000 1.000000
729.713867 0.000000 3833.659668 0.000000 -0.789309 0.000000 0.613997 1.000000 1.000000 1.000000
827.018982 0.000000 3619.042725 0.000000 -0.685636 0.000000 -0.727944 1.000000 1.000000 1.000000
880.649475 0.000000 3708.713135 0.000000 -0.709101 0.000000 -0.705106 1.000000 1.000000 1.000000
887.817688 0.000000 3707.650146 0.000000 -0.894904 -0.000000 -0.446258 1.000000 1.000000 1.000000
879.244019 0.000000 3697.678955 0.000000 0.996128 0.000000 0.087913 1.000000 1.000000 1.000000
888.367798 0.000000 3700.552979 0.000000 -0.987206 0.000000 0.159449 1.000000 1.000000 1.000000
574.235535 0.000000 3652.886963 0.000000 -0.937284 0.000000 0.348567 1.000000 1.000000 1.000000
578.981384 0.000000 3656.289795 0.000000 -0.326364 0.000000 0.945244 1.000000 1.000000 1.000000
789.345520 0.000000 2647.372803 0.000000 -0.521149 0.000000 -0.853465 1.000000 1.000000 1.000000
506.244202 0.000000 2580.976807 0.000000 -0.982350 0.000000 -0.187052 1.000000 1.000000 1.000000
516.449036 0.000000 2583.376465 0.000000 -0.987429 0.000000 -0.158064 1.000000 1.000000 1.000000
1482.198486 0.000000 3588.915527 0.000000 -0.610433 0.000000 -0.792068 1.000000 1.000000 1.000000
1480.077026 0.000000 3583.356934 0.000000 -0.943715 0.000000 -0.330761 1.000000 1.000000 1.000000
1485.149902 0.000000 3583.392822 0.000000 -0.540299 0.000000 0.841473 1.000000 1.000000 1.000000
1229.145386 0.000000 3235.257324 0.000000 0.047230 0.000000 0.998884 1.000000 1.000000 1.000000
1220.328613 0.000000 3223.327637 0.000000 -0.476557 0.000000 -0.879143 1.000000 1.000000 1.000000
1232.930542 0.000000 3224.842041 0.000000 -0.970897 0.000000 -0.239499 1.000000 1.000000 1.000000
1517.106201 0.000000 3027.945557 0.000000 0.681150 0.000000 0.732144 1.000000 1.000000 1.000000
1511.317017 0.000000 3037.756592 0.000000 0.950707 0.000000 -0.310090 1.000000 1.000000 1.000000
1883.121704 0.000000 2695.905029 0.000000 0.255564 -0.000000 -0.966792 1.000000 1.000000 1.000000
1888.808105 0.000000 2685.391357 0.000000 0.991489 0.000000 -0.130188 1.000000 1.000000 1.000000
769.531189 0.000000 2303.356689 0.000000 0.401250 0.000000 -0.915969 1.000000 1.000000 1.000000
772.782471 0.000000 2308.579590 0.000000 0.470320 0.000000 -0.882496 1.000000 1.000000 1.000000
1027.659790 0.000000 879.707458 0.000000 0.833404 0.000000 0.552664 1.000000 1.000000 1.000000
1033.504639 0.000000 878.066223 0.000000 0.417429 0.000000 0.908710 1.000000 1.000000 1.000000
3056.311279 0.000000 1280.227417 0.000000 0.996459 0.000000 0.084073 1.000000 1.000000 1.000000
3045.120850 0.000000 1278.506104 0.000000 -0.125593 0.000000 -0.992082 1.000000 1.000000 1.000000
3077.750977 0.000000 2319.973145 0.000000 0.768159 0.000000 0.640259 1.000000 1.000000 1.000000
3076.852539 0.000000 2311.886963 0.000000 -0.479149 0.000000 -0.877734 1.000000 1.000000 1.000000
3292.829102 0.000000 2459.864502 0.000000 0.193091 0.000000 0.981181 1.000000 1.000000 1.000000
3290.626709 0.000000 2457.346680 0.000000 -0.995538 0.000000 0.094360 1.000000 1.000000 1.000000
3288.956543 0.000000 2467.322021 0.000000 0.131981 0.000000 -0.991252 1.000000 1.000000 1.000000
3660.116699 0.000000 2413.442139 0.000000 0.822020 0.000000 -0.569459 1.000000 1.000000 1.000000
3657.995605 0.000000 2420.408447 0.000000 -0.118475 0.000000 0.992957 1.000000 1.000000 1.000000
3653.063477 0.000000 2411.548340 0.000000 0.971224 0.000000 -0.238167 1.000000 1.000000 1.000000
4250.193359 0.000000 2681.552490 0.000000 0.173498 0.000000 0.984834 1.000000 1.000000 1.000000
4256.418945 0.000000 2690.273438 0.000000 0.999981 0.000000 0.006184 1.000000 1.000000 1.000000
5308.371094 0.000000 1855.880249 0.000000 -0.187269 0.000000 0.982309 1.000000 1.000000 1.000000
5315.853516 0.000000 1863.972290 0.000000 0.389812 0.000000 -0.920894 1.000000 1.000000 1.000000
5668.251953 0.000000 3575.695801 0.000000 0.750131 0.000000 0.661289 1.000000 1.000000 1.000000
5674.862305 0.000000 3577.408447 -0.000000 0.641819 0.000000 0.766856 1.000000 1.000000 1.000000
5664.003906 0.000000 3585.114014 0.000000 -0.843329 0.000000 0.537397 1.000000 1.000000 1.000000
2642.589844 0.000000 3983.021484 0.000000 0.888888 0.000000 0.458124 1.000000 1.000000 1.000000
2641.804688 0.000000 3974.676025 0.000000 -0.404934 0.000000 0.914346 1.000000 1.000000 1.000000
2366.265869 0.000000 3951.439941 0.000000 -0.503883 0.000000 -0.863772 1.000000 1.000000 1.000000
2365.118652 0.000000 3961.125732 0.000000 0.458897 0.000000 -0.888490 1.000000 1.000000 1.000000
2136.278564 0.000000 4043.379639 -0.000000 0.438909 0.000000 0.898531 1.000000 1.000000 1.000000
2127.047119 0.000000 4058.519531 0.000000 0.251826 0.000000 -0.967772 1.000000 1.000000 1.000000
2133.353271 0.000000 4054.143555 0.000000 0.085125 0.000000 0.996370 1.000000 1.000000 1.000000
7080.949219 0.000000 2882.517090 0.000000 -0.114597 0.000000 -0.993412 1.000000 1.000000 1.000000
7075.243164 0.000000 2883.845703 0.000000 0.434040 0.000000 0.900894 1.000000 1.000000 1.000000
7081.893555 0.000000 2892.727051 0.000000 -0.297268 0.000000 0.954794 1.000000 1.000000 1.000000
"}
