object={
	name="bridge 01"
	render_pass=MapUnderWater
	clamp_to_water_level=no
	generated_content=no
	layer="temp_layer"
	pdxmesh="bridge_01_mesh"
	count=65
	transform="2006.480957 0.139160 3589.294922 0.000000 0.112501 0.000000 0.993651 1.107324 1.107324 1.107324
2085.276123 0.272705 3540.176514 0.000000 0.472360 0.000000 0.881406 1.172290 1.172290 1.172290
1975.809448 0.162354 3601.073486 0.000000 0.237775 0.000000 0.971320 1.000000 1.000000 1.000000
1926.535522 0.412842 3641.181885 0.000000 0.757051 0.000000 0.653356 1.000000 1.000000 1.000000
1957.894775 1.047607 3720.059814 0.000000 0.820283 0.000000 0.571957 1.000000 1.000000 1.000000
1419.712891 0.113770 4237.602539 0.000000 0.000000 0.000000 1.000000 1.000000 1.000000 1.000000
1388.302979 0.520508 4158.336914 0.000000 -0.121495 0.000000 0.992592 1.184521 1.184521 1.184521
2169.922363 0.754882 3900.426758 0.000000 0.437640 0.000000 0.899150 1.495808 1.495808 1.495808
2249.784912 0.588379 3846.125488 0.000000 0.712440 0.000000 0.701733 1.107130 1.107130 1.107130
1959.140869 0.768554 3210.443359 0.000000 -0.062597 0.000000 0.998039 1.000000 1.000000 1.000000
1972.927490 0.469727 3213.500488 0.000000 -0.103938 0.000000 0.994583 1.100636 1.100636 1.100636
2006.775024 0.583741 3194.300537 0.000000 0.768804 0.000000 0.639485 1.000000 1.000000 1.000000
2005.573975 0.733398 3140.099365 0.000000 -0.675553 0.000000 0.737311 1.000000 1.000000 1.000000
2354.484619 0.762451 4091.669922 0.000000 -0.269837 0.000000 0.962906 1.000000 1.000000 1.000000
2352.234863 0.478027 3549.101807 0.000000 -0.090756 0.000000 0.995873 1.199561 1.199561 1.199561
2516.979492 0.609619 3410.125977 0.000000 0.531985 0.000000 0.846753 0.874976 0.874976 0.874976
2498.764648 0.685547 3442.033691 0.000000 0.441094 0.000000 0.897461 1.000000 1.000000 1.000000
2514.574219 0.535645 3493.313232 0.000000 -0.477121 0.000000 0.878838 1.073926 1.073926 1.073926
2488.054688 0.582764 3505.866455 0.000000 0.587224 0.000000 0.809425 1.000000 1.000000 1.000000
2482.250488 0.082275 3485.838623 0.000000 0.234372 0.000000 0.972147 0.922778 0.922778 0.922778
2449.975098 0.595703 3626.741455 0.000000 0.627790 0.000000 0.778383 1.000000 1.000000 1.000000
2606.629883 0.636475 3597.201904 0.000000 -0.802363 0.000000 0.596836 1.000000 1.000000 1.000000
2475.800049 0.387451 3741.756104 0.000000 -0.439066 0.000000 0.898454 1.217188 1.217188 1.217188
2662.387451 0.521972 3782.791748 0.000000 -0.536371 0.000000 0.843982 1.000000 1.000000 1.000000
2776.132324 0.654541 3792.711182 0.000000 -0.123797 0.000000 0.992308 1.000000 1.000000 1.000000
2827.541016 0.617188 3763.147217 0.000000 0.432502 0.000000 0.901633 1.000000 1.000000 1.000000
2883.003418 0.374756 3748.686523 0.000000 -0.619345 0.000000 0.785119 1.297857 1.297857 1.297857
2803.637451 0.539795 3963.752686 0.000000 0.076950 0.000000 0.997035 1.413372 1.413372 1.413372
2675.056396 0.590820 3983.170898 0.000000 -0.706072 0.000000 0.708140 1.000000 1.000000 1.000000
2616.908447 0.526124 3898.235352 0.000000 0.297316 0.000000 0.954779 1.000000 1.000000 1.000000
2573.111084 0.599609 3887.771973 0.000000 -0.659409 0.000000 0.751785 1.000000 1.000000 1.000000
2523.493408 0.465332 3884.229980 0.000000 0.382120 0.000000 0.924112 1.410596 1.410596 1.410596
2397.135498 0.770020 4021.489990 0.000000 0.677834 0.000000 0.735215 1.000000 1.000000 1.000000
2419.219482 0.577636 3934.648682 0.000000 -0.605473 0.000000 0.795866 1.000000 1.000000 1.000000
2400.878418 0.654541 4084.880127 0.000000 -0.667514 0.000000 0.744597 1.000000 1.000000 1.000000
2928.541992 0.406250 3872.862305 0.000000 -0.287013 0.000000 0.957927 1.369775 1.369775 1.369775
2920.856689 0.572021 3894.291992 0.000000 0.483251 0.000000 0.875482 1.000000 1.000000 1.000000
2405.990723 0.588379 3778.154053 0.000000 -0.125523 0.000000 0.992091 1.257593 1.257593 1.257593
2403.118896 0.547851 3841.784668 0.000000 -0.442655 0.000000 0.896692 1.000000 1.000000 1.000000
2431.123047 0.632568 4168.625000 0.000000 -0.547144 0.000000 0.837038 1.000000 1.000000 1.000000
2330.109375 0.664063 3804.099609 0.000000 0.466600 0.000000 0.884468 1.000000 1.000000 1.000000
2717.505615 0.525146 3987.856934 0.000000 0.204779 0.000000 0.978809 1.165820 1.165820 1.165820
2625.680664 0.604248 4090.020996 0.000000 0.682866 0.000000 0.730544 1.000000 1.000000 1.000000
2556.492188 0.513428 4150.653320 0.000000 0.557042 0.000000 0.830484 1.000000 1.000000 1.000000
2822.912109 0.529053 4278.843750 0.000000 0.238167 0.000000 0.971224 1.000000 1.000000 1.000000
2599.473633 0.578369 4437.829102 0.000000 0.247966 0.000000 0.968769 1.088550 1.088550 1.088550
2456.424316 0.356201 3261.028076 0.000000 0.296645 0.000000 0.954988 1.000000 1.000000 1.000000
2600.970703 0.909424 3113.437012 0.000000 0.363943 0.000000 0.931421 1.000000 1.000000 1.000000
2708.788330 0.793701 3149.175537 0.000000 -0.458131 0.000000 0.888885 1.000000 1.000000 1.000000
2784.095703 0.505127 3256.050049 0.000000 -0.725568 0.000000 0.688151 1.000000 1.000000 1.000000
2597.575928 0.129883 3354.724365 0.000000 0.348116 0.000000 0.937451 1.271951 1.271951 1.271951
3258.730469 0.304688 3332.758545 0.000000 -0.681527 0.000000 0.731793 1.534885 1.534885 1.534885
3206.095947 0.431396 3339.867188 0.000000 0.274301 0.000000 0.961644 1.000000 1.000000 1.000000
3239.225098 0.214112 3508.584229 0.000000 -0.524575 0.000000 0.851364 1.000000 1.000000 1.000000
3000.149414 0.597656 3399.546631 0.000000 0.414977 0.000000 0.909832 1.000000 1.000000 1.000000
3161.323486 0.463378 3228.636230 0.000000 -0.353717 0.000000 0.935353 1.192454 1.192454 1.192454
3395.639404 0.115967 3215.691162 0.000000 0.428894 0.000000 0.903355 1.744555 1.744555 1.744555
3052.353271 0.928711 3216.999756 0.000000 -0.304620 0.000000 0.952474 1.119897 1.119897 1.119897
3247.562500 0.245850 3769.699219 0.000000 -0.816565 0.000000 -0.577253 1.118066 1.118066 1.118066
3235.063965 0.549316 3804.678223 0.000000 0.347515 0.000000 0.937675 1.000000 1.000000 1.000000
3111.936768 0.400879 3865.573242 0.000000 0.000000 0.000000 1.000000 1.000000 1.000000 1.000000
3623.042969 0.612793 3938.058594 0.000000 0.367862 0.000000 0.929880 1.000000 1.000000 1.000000
3501.460938 0.631836 3811.431396 0.000000 -0.419636 0.000000 0.907692 1.000000 1.000000 1.000000
3297.449951 0.125732 3785.359619 0.000000 0.161972 0.000000 0.986795 1.000000 1.000000 1.000000
3382.689453 0.521729 3630.564697 0.000000 0.694065 0.000000 0.719912 1.000000 1.000000 1.000000
"}
object={
	name="bridge indian"
	render_pass=MapUnderWater
	clamp_to_water_level=no
	generated_content=no
	layer="temp_layer"
	pdxmesh="bridge_indian_mesh"
	count=31
	transform="5975.624023 1.026306 1749.835693 0.000000 -0.475618 0.000000 0.879652 1.000000 1.000000 1.000000
5968.424805 0.757447 1864.518066 0.000000 0.677160 0.000000 0.735836 1.000000 1.000000 1.000000
5937.439453 0.797974 1979.982788 0.000000 -0.392587 0.000000 0.919715 1.000000 1.000000 1.000000
5979.018555 0.490967 2022.954346 0.000000 0.000000 0.000000 1.000000 1.000000 1.000000 1.000000
5226.730469 0.986084 1282.541748 0.000000 -0.149704 0.000000 0.988731 1.000000 1.000000 1.000000
5210.737305 1.031556 1280.310669 0.000000 0.000488 0.000000 1.000000 1.000000 1.000000 1.000000
5192.528320 0.994323 1284.089966 0.000000 -0.007629 0.000000 0.999971 1.000000 1.000000 1.000000
5324.448242 1.057984 1630.973145 0.000000 0.552930 0.000000 0.833228 1.000000 1.000000 1.000000
5267.224609 1.009888 1691.523926 0.000000 0.412810 0.000000 0.910817 1.210095 1.210095 1.210095
4821.983398 1.551514 1818.492798 0.000000 -0.249828 0.000000 0.968291 1.000000 1.000000 1.000000
4921.456055 0.649658 1838.212036 0.000000 0.159713 0.000000 0.987163 1.000000 1.000000 1.000000
5475.524414 0.778077 1865.148193 0.000000 -0.351003 0.000000 0.936374 1.000000 1.000000 1.000000
5590.352539 0.623047 2044.416748 0.000000 -0.607535 0.000000 0.794293 1.000000 1.000000 1.000000
5610.302734 0.611449 2090.086182 0.000000 0.025083 0.000000 0.999685 1.000000 1.000000 1.000000
5581.958984 0.924682 2079.266357 0.000000 -0.707281 0.000000 0.706933 1.000000 1.000000 1.000000
5676.268555 0.621704 2063.877686 0.000000 0.086318 0.000000 0.996268 1.000000 1.000000 1.000000
5646.448242 1.008056 2118.970459 0.000000 0.464628 0.000000 0.885505 1.000000 1.000000 1.000000
5551.997070 0.833984 2116.710693 0.000000 0.596130 0.000000 0.802888 1.000000 1.000000 1.000000
5414.576172 0.958373 2140.298584 0.000000 0.241012 0.000000 0.970523 1.000000 1.000000 1.000000
5289.556641 0.971924 2102.213623 0.000000 0.016967 0.000000 0.999856 1.000000 1.000000 1.000000
5755.291016 0.936768 2231.182373 0.000000 -0.334375 0.000000 0.942440 1.000000 1.000000 1.000000
5812.753906 0.758911 2253.492188 0.000000 -0.379411 0.000000 0.925228 1.000000 1.000000 1.000000
4554.852539 0.747803 2141.487549 0.000000 -0.373871 0.000000 0.927481 1.000000 1.000000 1.000000
4545.447266 1.517578 1975.320190 0.000000 -0.560788 0.000000 0.827960 1.000000 1.000000 1.000000
4635.443359 0.919190 2217.967041 0.000000 0.079932 0.000000 0.996800 1.014001 1.014001 1.014001
4712.609375 0.534546 2263.921631 0.000000 -0.289497 0.000000 0.957179 1.000000 1.000000 1.000000
4641.990234 0.942017 2313.887207 0.000000 0.605789 0.000000 0.795626 1.000000 1.000000 1.000000
4781.360352 0.971069 2321.496094 0.000000 -0.228790 0.000000 0.973476 1.000000 1.000000 1.000000
5250.970703 0.973816 1286.438721 0.000000 -0.125038 0.000000 0.992152 1.068079 1.068079 1.068079
6914.899414 0.790161 2239.142334 0.000000 0.530098 0.000000 0.847936 1.000000 1.000000 1.000000
6865.253906 0.751831 2248.818359 0.000000 0.103999 0.000000 0.994577 1.000000 1.000000 1.000000
"}
object={
	name="bridge mediterranean"
	render_pass=MapUnderWater
	clamp_to_water_level=no
	generated_content=no
	layer="temp_layer"
	pdxmesh="bridge_mediterranean_mesh"
	count=61
	transform="1200.890015 0.962402 2910.996826 0.000000 0.690652 0.000000 0.723188 1.000000 1.000000 1.000000
535.705139 1.578125 2494.412354 0.000000 0.587520 0.000000 0.809210 1.185828 1.185828 1.185828
566.785706 0.223511 2602.210693 0.000000 0.032968 0.000000 0.999456 1.000000 1.000000 1.000000
688.578918 1.870972 2525.699463 0.000000 -0.447069 0.000000 0.894500 1.243198 1.243198 1.243198
618.299683 -0.339844 2496.190186 0.000000 -0.521922 0.000000 0.852993 1.223791 1.223791 1.223791
1611.022949 0.942139 2993.278564 0.000000 -0.373361 0.000000 0.927686 1.000000 1.000000 1.000000
1509.350952 0.727783 3003.635010 0.000000 0.308179 0.000000 0.951328 1.000000 1.000000 1.000000
2474.334229 0.793946 2949.973145 0.000000 0.089753 0.000000 0.995964 1.000000 1.000000 1.000000
2368.522949 0.802979 2912.817871 0.000000 -0.009338 0.000000 0.999957 1.000000 1.000000 1.000000
2217.065918 0.714600 2977.157227 0.000000 0.332160 0.000000 0.943223 1.000000 1.000000 1.000000
2026.130737 0.627441 3019.250488 0.000000 0.246620 0.000000 0.969112 1.000000 1.000000 1.000000
1548.044434 0.729736 2997.912354 0.000000 -0.531494 0.000000 0.847062 1.000000 1.000000 1.000000
2554.489746 2.216309 3026.023438 0.000000 0.230602 0.000000 0.973048 1.000000 1.000000 1.000000
6595.315430 0.942871 1508.117432 0.000000 0.232294 0.000000 0.972645 1.000000 1.000000 1.000000
6540.150391 0.742188 1571.177490 0.000000 0.562959 0.000000 0.826485 1.000000 1.000000 1.000000
6527.676758 0.875977 1610.328369 0.000000 0.505664 0.000000 0.862731 1.000000 1.000000 1.000000
6541.473633 0.561158 1609.024780 0.000000 -0.226354 0.000000 0.974045 1.000000 1.000000 1.000000
6581.348633 0.870728 1684.265869 0.000000 0.502185 0.000000 0.864761 1.000000 1.000000 1.000000
6522.865234 0.722046 1784.632446 0.000000 -0.412143 0.000000 0.911119 1.000000 1.000000 1.000000
6551.732422 0.390258 1785.446167 0.000000 0.316426 0.000000 0.948617 1.303796 1.303796 1.303796
6546.608398 -0.421021 1810.435303 0.000000 0.182624 0.000000 0.983183 1.000000 1.000000 1.000000
6433.417969 0.687500 1779.208374 0.000000 0.000000 0.000000 1.000000 1.000000 1.000000 1.000000
6351.290039 0.877564 1752.675415 0.000000 -0.165555 0.000000 0.986201 1.000000 1.000000 1.000000
6369.004883 -0.208130 1909.329346 0.000000 0.211405 0.000000 0.977398 1.000000 1.000000 1.000000
6430.621094 0.434692 1683.000488 0.000000 0.118010 0.000000 0.993012 1.000000 1.000000 1.000000
6020.304688 1.557251 1754.871460 0.000000 0.239175 0.000000 0.970976 1.000000 1.000000 1.000000
7043.296875 0.635986 2656.258057 0.000000 -0.391408 0.000000 0.920217 1.000000 1.000000 1.000000
7001.217773 0.553223 2636.541748 0.000000 -0.000183 0.000000 1.000000 1.000000 1.000000 1.000000
6902.106445 0.677002 2672.072754 0.000000 0.241130 0.000000 0.970493 1.000000 1.000000 1.000000
6835.477539 0.728271 2569.014893 0.000000 -0.604963 0.000000 0.796253 1.000000 1.000000 1.000000
6817.443359 0.980225 2571.834473 0.000000 0.561949 0.000000 0.827172 1.000000 1.000000 1.000000
6987.074219 0.542724 3076.040283 0.000000 -0.217844 0.000000 0.975984 1.000000 1.000000 1.000000
6938.104492 0.562256 3022.301758 0.000000 -0.094828 0.000000 0.995494 1.000000 1.000000 1.000000
6870.181641 0.719238 2964.690918 0.000000 -0.217010 0.000000 0.976169 1.000000 1.000000 1.000000
6700.182617 0.625732 2889.268311 0.000000 0.208720 0.000000 0.977975 1.000000 1.000000 1.000000
6651.400391 0.890625 2869.289551 0.000000 -0.261629 0.000000 0.965169 1.000000 1.000000 1.000000
8150.863281 0.979737 4301.582031 0.000000 0.376134 0.000000 0.926565 1.000000 1.000000 1.000000
8131.865234 0.282715 4263.820312 0.000000 0.462357 0.000000 0.886694 1.000000 1.000000 1.000000
8082.657227 0.858643 4161.563477 0.000000 -0.139558 0.000000 0.990214 1.000000 1.000000 1.000000
8017.608398 0.439942 4120.446289 0.000000 -0.316022 0.000000 0.948752 1.000000 1.000000 1.000000
7958.954102 0.583252 4051.635254 0.000000 0.683334 0.000000 0.730106 1.000000 1.000000 1.000000
7892.546875 0.739259 3947.599365 0.000000 -0.318973 0.000000 0.947764 1.000000 1.000000 1.000000
7721.104492 0.895996 3824.981934 0.000000 0.768716 0.000000 0.639590 1.000000 1.000000 1.000000
7625.963867 0.906006 3782.272461 0.000000 -0.360643 0.000000 0.932704 1.000000 1.000000 1.000000
7552.886719 0.680176 3711.175781 0.000000 -0.394214 0.000000 0.919019 1.000000 1.000000 1.000000
7453.768555 0.996338 3689.028320 0.000000 -0.140766 0.000000 0.990043 1.000000 1.000000 1.000000
7358.388672 0.686524 3654.632324 0.000000 -0.319494 0.000000 0.947588 1.000000 1.000000 1.000000
6830.932617 0.392700 2272.699707 0.000000 0.030269 0.000000 0.999542 1.000000 1.000000 1.000000
7257.953125 0.813477 2825.412109 0.000000 0.238642 0.000000 0.971108 1.000000 1.000000 1.000000
7225.640625 0.748291 2824.232910 0.000000 -0.119162 0.000000 0.992875 1.000000 1.000000 1.000000
7163.975586 0.895507 2809.548584 0.000000 -0.461437 0.000000 0.887173 1.000000 1.000000 1.000000
7127.228516 0.588379 2746.633789 0.000000 -0.388260 0.000000 0.921550 1.000000 1.000000 1.000000
7086.767578 0.681640 2706.091797 0.000000 -0.296966 0.000000 0.954888 1.000000 1.000000 1.000000
7025.241211 0.782226 2642.610840 0.000000 -0.199937 0.000000 0.979809 1.000000 1.000000 1.000000
6975.808594 0.793701 2619.165771 0.000000 0.000000 0.000000 1.000000 1.000000 1.000000 1.000000
6881.049805 0.775146 2617.902100 0.000000 -0.404510 0.000000 0.914534 1.000000 1.000000 1.000000
6739.072266 0.765625 2609.478760 0.000000 -0.252486 0.000000 0.967600 1.000000 1.000000 1.000000
7046.873047 1.012939 3097.062012 0.000000 -0.206272 0.000000 0.978495 1.000000 1.000000 1.000000
6947.299805 0.717773 3060.343750 0.000000 -0.425113 0.000000 0.905140 1.000000 1.000000 1.000000
6908.916016 0.601807 3001.300293 0.000000 -0.385896 0.000000 0.922542 1.000000 1.000000 1.000000
6773.608398 0.515625 2903.311523 0.000000 -0.213374 0.000000 0.976971 1.000000 1.000000 1.000000
"}
object={
	name="bridge mena"
	render_pass=MapUnderWater
	clamp_to_water_level=no
	generated_content=no
	layer="temp_layer"
	pdxmesh="bridge_mena_mesh"
	count=18
	transform="2713.338623 1.244751 2091.522949 0.000000 0.263955 0.000000 0.964535 0.909766 0.909766 0.909766
2745.179932 1.020752 2038.192627 0.000000 0.579888 0.000000 0.814696 1.000000 1.000000 1.000000
2756.976074 1.354127 2094.873535 0.000000 -0.390902 0.000000 0.920432 1.000000 1.000000 1.000000
2722.874756 0.875001 1966.921021 0.000000 -0.607899 0.000000 0.794014 1.000000 1.000000 1.000000
2722.105713 1.152100 1935.898193 0.000000 0.574830 0.000000 0.818273 1.000000 1.000000 1.000000
2749.253174 1.051026 1901.094116 0.000000 0.292154 0.000000 0.956371 1.000000 1.000000 1.000000
2810.332031 0.855103 1837.688843 0.000000 0.469486 0.000000 0.882940 1.000000 1.000000 1.000000
819.108398 0.290162 1306.171631 0.000000 0.922063 0.000000 0.387039 1.000000 1.000000 1.000000
927.207642 1.124633 1415.776001 0.000000 0.035279 0.000000 0.999377 1.000000 1.000000 1.000000
1090.406250 0.985780 1404.199707 0.000000 0.323049 0.000000 0.946382 1.000000 1.000000 1.000000
1280.706055 0.999299 1223.155273 0.000000 0.006287 0.000000 0.999980 1.000000 1.000000 1.000000
1391.325439 1.002534 1147.316040 0.000000 0.385643 0.000000 0.922648 1.000000 1.000000 1.000000
1489.694336 1.065262 1028.230835 0.000000 -0.996579 0.000000 -0.082644 1.000000 1.000000 1.000000
1533.273193 0.895432 883.526611 0.000000 -0.764808 0.000000 0.644259 1.000000 1.000000 1.000000
1529.796631 1.322556 813.053162 0.000000 0.614613 0.000000 0.788828 1.000000 1.000000 1.000000
3463.132080 1.025635 2269.780273 0.000000 -0.848214 0.000000 0.529654 1.158841 1.158841 1.158841
3424.150146 1.029175 2292.220947 0.000000 0.442162 0.000000 0.896935 1.000000 1.000000 1.000000
3523.735596 1.119507 2199.352783 0.000000 0.000000 0.000000 1.000000 1.000000 1.000000 1.000000
"}
object={
	name="bridge western"
	render_pass=MapUnderWater
	clamp_to_water_level=no
	generated_content=no
	layer="temp_layer"
	pdxmesh="bridge_western_mesh"
	count=12
	transform="902.383789 0.801270 3037.810059 0.000000 0.479821 0.000000 0.877367 1.348145 1.348145 1.348145
920.678528 0.543702 3219.953613 0.000000 0.391415 0.000000 0.920214 1.000000 1.000000 1.000000
1603.891113 0.869385 3631.922852 0.000000 0.053282 0.000000 0.998580 1.273535 1.273535 1.273535
1505.712891 0.933594 3683.157471 0.000000 0.253276 0.000000 0.967394 1.000000 1.000000 1.000000
1326.678345 0.776368 3528.479736 0.000000 0.683729 0.000000 0.729736 1.000000 1.000000 1.000000
1275.669067 1.049804 3563.388184 0.000000 -0.020254 0.000000 0.999795 1.000000 1.000000 1.000000
1063.099609 0.653076 3336.058350 0.000000 0.108194 0.000000 0.994130 1.000000 1.000000 1.000000
1039.808960 1.791015 3341.867676 0.000000 0.111591 0.000000 0.993754 1.282716 1.282716 1.282716
992.173035 0.877197 3384.039307 0.000000 0.349224 0.000000 0.937039 1.000000 1.000000 1.000000
837.748169 0.957275 3215.535889 0.000000 0.109203 0.000000 0.994020 1.000000 1.000000 1.000000
983.969604 1.089111 3554.709473 0.000000 -0.113328 0.000000 -0.993557 1.256811 1.256811 1.256811
948.780151 0.802246 3558.705078 0.000000 0.000000 0.000000 1.000000 1.000000 1.000000 1.000000
"}
