object={
	name="cliff coastline 01"
	render_pass=MapUnderWater
	clamp_to_water_level=no
	generated_content=no
	layer="temp_layer"
	pdxmesh="cliff_coastline_01_mesh"
	count=12
	transform="7148.381836 -5.207947 1048.490479 -0.000000 -0.375690 -0.000000 -0.926746 0.205334 0.205334 0.205334
7135.514648 -8.310181 1041.335938 -0.000000 -0.897830 -0.000000 -0.440343 0.205334 0.205334 0.205334
7140.869141 -8.310181 1043.951172 -0.000000 -0.453956 -0.000000 -0.891024 0.205334 0.205334 0.205334
7141.736328 -3.742706 1045.457275 -0.000000 0.589585 -0.000000 -0.807706 0.205334 0.205334 0.205334
7136.380859 -4.109802 1042.867432 -0.000000 0.900470 -0.000000 0.434918 0.205334 0.205334 0.205334
7123.683594 -10.846344 1038.286743 -0.000000 -0.660103 -0.000000 -0.751175 0.205334 0.205334 0.205334
7125.346680 -10.183868 1038.822632 -0.000000 -0.098421 -0.000000 -0.995145 0.205334 0.205334 0.205334
7129.083984 -7.514496 1038.902588 -0.000000 0.861429 -0.000000 -0.507878 0.205334 0.205334 0.205334
7127.960938 -7.514496 1039.441162 -0.000000 0.861429 -0.000000 -0.507878 0.205334 0.205334 0.205334
7132.186523 -8.230652 1039.732910 -0.000000 0.957057 -0.000000 0.289902 0.205334 0.205334 0.205334
7130.659180 -6.746429 1040.467041 -0.000000 0.957057 -0.000000 0.289902 0.205334 0.205334 0.205334
7133.632812 -4.879974 1041.451660 -0.000000 0.619824 -0.000000 0.784741 0.205334 0.205334 0.205334
"}
object={
	name="cliff coastline 02"
	render_pass=MapUnderWater
	clamp_to_water_level=no
	generated_content=no
	layer="temp_layer"
	pdxmesh="cliff_coastline_02_mesh"
	count=4
	transform="-0.476807 0.000000 767.815674 0.000000 0.000000 0.000000 1.000000 1.000000 1.000000 1.000000
7138.549805 -2.094574 1043.679199 -0.000000 0.814658 -0.000000 -0.579941 0.138236 0.138236 0.138236
7140.084961 -0.798676 1044.378174 -0.000000 0.999852 -0.000000 -0.017216 0.138236 0.138236 0.138236
7144.852539 -0.798676 1046.209229 -0.000000 0.811430 -0.000000 0.584450 0.138236 0.138236 0.138236
"}
object={
	name="cliff coastline 03"
	render_pass=MapUnderWater
	clamp_to_water_level=no
	generated_content=no
	layer="temp_layer"
	pdxmesh="cliff_coastline_03_mesh"
	count=5
	transform="-0.476807 0.000000 767.815674 0.000000 0.000000 0.000000 1.000000 1.000000 1.000000 1.000000
7146.066406 -0.847015 1048.213867 -0.000000 0.927711 -0.000000 0.373300 0.120853 0.120853 0.120853
7144.377930 -0.847015 1047.357788 -0.000000 0.485787 -0.000000 0.874077 0.120853 0.120853 0.120853
7146.194336 -0.847015 1047.484375 -0.000000 0.682175 -0.000000 0.731189 0.120853 0.120853 0.120853
7146.291992 -0.847015 1046.672363 -0.000000 -0.000000 -0.000000 1.000000 0.120853 0.120853 0.120853
"}
object={
	name="cliff coastline 04"
	render_pass=MapUnderWater
	clamp_to_water_level=no
	generated_content=no
	layer="temp_layer"
	pdxmesh="cliff_coastline_04_mesh"
	count=7
	transform="-0.476807 0.000000 767.815674 0.000000 0.000000 0.000000 1.000000 1.000000 1.000000 1.000000
7150.996094 -4.598541 1050.902710 -0.000000 0.947121 -0.000000 0.320877 0.288403 0.288403 0.288403
7149.978516 -5.109619 1049.059326 -0.000000 0.869259 -0.000000 -0.494356 0.288403 0.288403 0.288403
7147.648438 -5.227631 1047.917725 -0.000000 0.592841 -0.000000 0.805319 0.288403 0.288403 0.288403
7143.746094 -4.134888 1045.615234 -0.000000 -0.245334 -0.000000 0.969439 0.288403 0.288403 0.288403
7138.420898 -4.406006 1043.353394 -0.000000 0.635974 -0.000000 0.771710 0.288403 0.288403 0.288403
7151.277344 -5.699432 1050.469971 -0.000000 -0.308077 -0.000000 0.951361 0.288403 0.288403 0.288403
"}
