object={
	name="env_desert_ambient_close"
	render_pass=Map
	clamp_to_water_level=yes
	generated_content=no
	layer="env_effect_layer"
	entity="env_desert_plains_ambient"
	count=18
	transform="5458.986328 0.000000 2659.419922 0.000000 0.000000 0.000000 1.000000 0.552173 0.552173 0.552173
5550.892578 0.000000 2675.111572 0.000000 0.000000 0.000000 1.000000 0.297986 0.297986 0.297986
5630.045898 0.000000 2688.949951 0.000000 0.000000 0.000000 1.000000 0.312842 0.312842 0.312842
5435.728516 0.000000 2715.665283 0.000000 0.000000 0.000000 1.000000 0.283594 0.283594 0.283594
5460.524414 0.000000 2554.822510 0.000000 0.000000 0.000000 1.000000 0.242018 0.242018 0.242018
5443.014648 0.000000 2587.885010 0.000000 0.000000 0.000000 1.000000 0.251880 0.251880 0.251880
5889.791992 0.000000 3097.199951 0.000000 0.000000 0.000000 1.000000 0.637500 0.637500 0.637500
5935.257812 1.051514 3107.299316 0.000000 0.000000 0.000000 1.000000 0.809375 0.809375 0.809375
6098.435547 0.000000 3056.630615 0.000000 0.000000 0.000000 1.000000 1.088477 1.088477 1.088477
6161.988281 0.000000 3101.507812 0.000000 0.000000 0.000000 1.000000 0.864160 0.864160 0.864160
6161.819336 0.000000 2986.423828 0.000000 0.000000 0.000000 1.000000 0.236219 0.236219 0.236219
6303.243164 0.000000 3005.766846 0.000000 0.000000 0.000000 1.000000 0.325684 0.325684 0.325684
6280.866211 0.000000 3072.221191 0.000000 0.000000 0.000000 1.000000 0.289404 0.289404 0.289404
6306.736328 0.000000 3036.154053 0.000000 0.000000 0.000000 1.000000 0.273193 0.273193 0.273193
6298.536133 0.000000 3063.731934 0.000000 0.000000 0.000000 1.000000 0.252507 0.252507 0.252507
4560.560547 0.000000 3221.627686 0.000000 0.000000 0.000000 1.000000 1.406836 1.406836 1.406836
4447.002930 0.000000 3240.348877 0.000000 0.000000 0.000000 1.000000 1.696492 1.696492 1.696492
4316.110352 0.000000 3295.097900 0.000000 0.000000 0.000000 1.000000 1.411133 1.411133 1.411133
"}
object={
	name="env_desert_mountains"
	render_pass=Map
	clamp_to_water_level=yes
	generated_content=no
	layer="env_effect_mountains_layer"
	entity="env_desert_mountains"
	count=139
	transform="774.831543 -0.837280 2476.523682 0.000000 0.000000 0.000000 1.000000 0.448315 0.448315 0.448315
802.413818 1.222046 2471.781982 0.000000 0.000000 0.000000 1.000000 0.344629 0.344629 0.344629
375.342987 0.051819 1186.496094 0.000000 0.000000 0.000000 1.000000 0.471188 0.471188 0.471188
380.968445 0.000000 1134.744751 0.000000 0.000000 0.000000 1.000000 0.524271 0.524271 0.524271
391.887421 1.717834 1077.247559 0.000000 0.000000 0.000000 1.000000 0.415286 0.415286 0.415286
1586.120483 0.923645 1060.655151 0.000000 0.000000 0.000000 1.000000 0.685159 0.685159 0.685159
1855.528564 0.673035 1103.427124 0.000000 0.000000 0.000000 1.000000 0.533850 0.533850 0.533850
2120.537842 0.000000 1148.048462 0.000000 0.000000 0.000000 1.000000 0.568030 0.568030 0.568030
3260.389404 0.000000 1239.454468 0.000000 0.000000 0.000000 1.000000 0.586319 0.586319 0.586319
3298.976074 0.000000 1306.677246 0.000000 0.000000 0.000000 1.000000 0.299982 0.299982 0.299982
3267.968262 0.000000 1342.297485 0.000000 0.000000 0.000000 1.000000 0.285730 0.285730 0.285730
3148.594238 0.000000 1425.244507 0.000000 0.000000 0.000000 1.000000 0.263580 0.263580 0.263580
3033.845215 0.000000 1607.405151 0.000000 0.000000 0.000000 1.000000 0.486504 0.486504 0.486504
1125.514893 0.000000 1124.494873 0.000000 0.000000 0.000000 1.000000 0.335573 0.335573 0.335573
794.122253 0.000000 1221.054932 0.000000 0.000000 0.000000 1.000000 0.493285 0.493285 0.493285
520.449097 0.000000 2013.015137 0.000000 0.000000 0.000000 1.000000 0.446889 0.446889 0.446889
565.462036 0.000000 2048.009277 0.000000 0.137805 0.000000 0.990459 0.608395 0.608395 0.608395
604.621521 0.000000 2078.791260 0.000000 0.000000 0.000000 1.000000 0.240674 0.240674 0.240674
550.229614 -0.932129 2109.049072 0.000000 0.000000 0.000000 1.000000 0.403040 0.403040 0.403040
689.171692 0.000000 2157.605225 0.000000 0.000000 0.000000 1.000000 0.724780 0.724780 0.724780
736.294250 0.000000 2260.464111 0.000000 0.000000 0.000000 1.000000 0.548730 0.548730 0.548730
671.207764 -0.303955 2346.493408 0.000000 0.000000 0.000000 1.000000 0.325818 0.325818 0.325818
710.147583 0.000000 2305.715576 0.000000 0.000000 0.000000 1.000000 0.254944 0.254944 0.254944
628.195923 0.000000 2251.022705 0.000000 0.000000 0.000000 1.000000 0.265625 0.265625 0.265625
709.451599 -0.557861 2327.313232 0.000000 0.000000 0.000000 1.000000 0.248340 0.248340 0.248340
628.380127 -0.563843 2045.281006 0.000000 0.000000 0.000000 1.000000 0.268420 0.268420 0.268420
1137.983032 0.000000 2231.894043 0.000000 0.000000 0.000000 1.000000 0.437378 0.437378 0.437378
1359.324829 0.000000 2281.306885 0.000000 0.000000 0.000000 1.000000 0.393957 0.393957 0.393957
1267.703369 0.000000 2332.423096 0.000000 0.000000 0.000000 1.000000 0.270215 0.270215 0.270215
1324.188599 0.784058 2379.121338 0.000000 0.000000 0.000000 1.000000 0.279565 0.279565 0.279565
1253.220581 0.000000 2367.121582 0.000000 0.000000 0.000000 1.000000 0.217859 0.217859 0.217859
1229.794189 0.000000 2383.467041 0.000000 0.000000 0.000000 1.000000 0.264062 0.264062 0.264062
1116.336182 0.327026 2385.604736 0.000000 0.000000 0.000000 1.000000 0.195154 0.195154 0.195154
994.309998 0.000000 2359.960205 0.000000 0.000000 0.000000 1.000000 0.160718 0.160718 0.160718
1108.091187 0.000000 2355.042236 0.000000 0.000000 0.000000 1.000000 0.160718 0.160718 0.160718
1137.035400 0.000000 2363.441162 0.000000 0.000000 0.000000 1.000000 0.160718 0.160718 0.160718
1079.293457 0.000000 2386.671631 0.000000 0.000000 0.000000 1.000000 0.160718 0.160718 0.160718
822.333557 0.000000 1144.534546 0.000000 0.000000 0.000000 1.000000 0.684759 0.684759 0.684759
1015.886658 -0.919861 934.578735 0.000000 0.000000 0.000000 1.000000 0.213333 0.213333 0.213333
1047.807495 -0.919861 956.960938 0.000000 0.000000 0.000000 1.000000 0.213333 0.213333 0.213333
1090.109375 0.000000 933.436523 0.000000 0.000000 0.000000 1.000000 0.213333 0.213333 0.213333
3409.552002 1.027893 1351.521851 0.000000 0.000000 0.000000 1.000000 0.472009 0.472009 0.472009
3394.449707 0.000000 1392.604980 0.000000 0.000000 0.000000 1.000000 0.356018 0.356018 0.356018
2861.250488 -0.130005 2003.315552 0.000000 0.000000 0.000000 1.000000 0.277991 0.277991 0.277991
2898.774170 -0.130005 1976.161011 0.000000 0.000000 0.000000 1.000000 0.526409 0.526409 0.526409
3090.186768 -0.130005 1850.134399 0.000000 0.000000 0.000000 1.000000 0.526409 0.526409 0.526409
3257.771484 -0.130005 1772.414551 0.000000 0.000000 0.000000 1.000000 0.526409 0.526409 0.526409
3234.739990 -0.130005 1657.892090 0.000000 0.000000 0.000000 1.000000 0.526409 0.526409 0.526409
3282.650146 -0.130005 1605.867188 0.000000 0.000000 0.000000 1.000000 0.526409 0.526409 0.526409
3307.096924 -0.130005 1573.913818 0.000000 0.000000 0.000000 1.000000 0.526409 0.526409 0.526409
3321.809326 -1.111389 1545.975708 0.000000 0.000000 0.000000 1.000000 0.526409 0.526409 0.526409
3349.595215 -1.111389 1514.209961 0.000000 0.000000 0.000000 1.000000 0.526409 0.526409 0.526409
3367.788818 0.882874 1481.040039 0.000000 0.000000 0.000000 1.000000 0.526409 0.526409 0.526409
4041.046143 0.000000 1836.672485 0.000000 0.000000 0.000000 1.000000 0.353748 0.353748 0.353748
3026.295654 -0.378906 2300.557861 0.000000 0.000000 0.000000 1.000000 0.221167 0.221167 0.221167
3018.864502 0.000000 2293.092041 0.000000 0.000000 0.000000 1.000000 0.166528 0.166528 0.166528
2991.758545 0.000000 2299.548340 0.000000 0.000000 0.000000 1.000000 0.166528 0.166528 0.166528
3000.814453 0.000000 2314.259766 0.000000 0.000000 0.000000 1.000000 0.166528 0.166528 0.166528
3460.722656 3.036987 2462.821289 0.000000 0.000000 0.000000 1.000000 0.578479 0.578479 0.578479
3405.317871 0.950562 2507.475342 0.000000 0.000000 0.000000 1.000000 0.431873 0.431873 0.431873
3376.654053 0.000000 2568.119385 0.000000 0.000000 0.000000 1.000000 0.623132 0.623132 0.623132
3275.057861 0.000000 2595.004150 0.000000 0.000000 0.000000 1.000000 0.338953 0.338953 0.338953
3551.481689 0.000000 2597.091064 0.000000 0.000000 0.000000 1.000000 0.226855 0.226855 0.226855
3565.928467 -0.597290 2623.377686 0.000000 0.000000 0.000000 1.000000 0.141367 0.141367 0.141367
3731.508545 1.348633 2338.608154 0.000000 0.000000 0.000000 1.000000 0.527441 0.527441 0.527441
3870.180908 -0.900757 2122.806396 0.000000 0.000000 0.000000 1.000000 0.508630 0.508630 0.508630
3800.849609 -0.074219 2099.357422 0.000000 0.000000 0.000000 1.000000 0.539233 0.539233 0.539233
3877.582031 0.000000 2049.576172 0.000000 0.000000 0.000000 1.000000 0.499768 0.499768 0.499768
3959.280518 0.000000 2096.150635 0.000000 0.000000 0.000000 1.000000 0.384802 0.384802 0.384802
3980.608887 0.615479 2385.232422 0.000000 0.000000 0.000000 1.000000 0.298071 0.298071 0.298071
3976.143799 0.615479 2398.590088 0.000000 0.000000 0.000000 1.000000 0.298071 0.298071 0.298071
3682.418213 0.000000 2503.631348 0.000000 0.000000 0.000000 1.000000 0.352063 0.352063 0.352063
3729.464355 0.597168 2479.932861 0.000000 0.000000 0.000000 1.000000 0.276819 0.276819 0.276819
3761.096191 0.000000 2481.830322 0.000000 0.000000 0.000000 1.000000 0.268115 0.268115 0.268115
3789.162842 0.000000 2521.185791 0.000000 0.000000 0.000000 1.000000 0.284729 0.284729 0.284729
3803.736328 1.421997 2535.114014 0.000000 0.000000 0.000000 1.000000 0.225977 0.225977 0.225977
3870.547119 0.000000 2581.196777 0.000000 0.000000 0.000000 1.000000 0.239978 0.239978 0.239978
3883.811279 1.209595 2595.878662 0.000000 0.000000 0.000000 1.000000 0.213806 0.213806 0.213806
3919.125244 0.000000 2601.230957 0.000000 0.000000 0.000000 1.000000 0.155676 0.155676 0.155676
3934.464111 0.904053 2602.572998 0.000000 0.000000 0.000000 1.000000 0.204199 0.204199 0.204199
3991.035889 0.388428 2636.725342 0.000000 0.000000 0.000000 1.000000 0.183093 0.183093 0.183093
4013.497803 0.000000 2582.161133 0.000000 0.000000 0.000000 1.000000 0.208643 0.208643 0.208643
4057.102783 0.000000 2594.803467 0.000000 0.000000 0.000000 1.000000 0.236023 0.236023 0.236023
4070.450928 0.000000 2582.923584 0.000000 0.000000 0.000000 1.000000 0.155371 0.155371 0.155371
4447.647461 0.000000 2094.820068 0.000000 0.000000 0.000000 1.000000 0.308215 0.308215 0.308215
4441.928711 0.000000 2066.582275 0.000000 0.000000 0.000000 1.000000 0.252710 0.252710 0.252710
4492.638672 0.664185 2095.232910 0.000000 0.000000 0.000000 1.000000 0.273825 0.273825 0.273825
4496.457031 0.701416 2114.002197 0.000000 0.000000 0.000000 1.000000 0.290991 0.290991 0.290991
4497.703125 0.000000 2131.494385 0.000000 0.000000 0.000000 1.000000 0.162781 0.162781 0.162781
4479.761719 0.816650 2176.503906 0.000000 0.000000 0.000000 1.000000 0.394958 0.394958 0.394958
4480.432617 1.739868 2204.171143 0.000000 0.000000 0.000000 1.000000 0.241467 0.241467 0.241467
4471.019531 0.427246 2237.568604 0.000000 0.000000 0.000000 1.000000 0.407288 0.407288 0.407288
4588.543945 0.000000 2256.104004 0.000000 0.000000 0.000000 1.000000 0.816284 0.816284 0.816284
4593.177734 0.000000 2298.938721 0.000000 0.000000 0.000000 1.000000 0.670483 0.670483 0.670483
4597.877930 0.000000 2347.196289 0.000000 0.000000 0.000000 1.000000 0.580518 0.580518 0.580518
4572.064453 1.757080 2416.994141 0.000000 0.000000 0.000000 1.000000 0.469641 0.469641 0.469641
4531.285156 0.000000 2332.595947 0.000000 0.000000 0.000000 1.000000 1.000000 1.000000 1.000000
4478.553711 0.808716 2325.542236 0.000000 0.000000 0.000000 1.000000 1.000000 1.000000 1.000000
4522.786133 0.000000 2362.119385 0.000000 0.000000 0.000000 1.000000 1.000000 1.000000 1.000000
4434.967773 0.000000 2413.234131 0.000000 0.000000 0.000000 1.000000 1.000000 1.000000 1.000000
4445.877930 0.000000 2453.284424 0.000000 0.000000 0.000000 1.000000 1.000000 1.000000 1.000000
4312.286133 0.000000 2380.062744 0.000000 0.000000 0.000000 1.000000 0.440405 0.440405 0.440405
4234.514648 0.000000 2441.319092 0.000000 0.000000 0.000000 1.000000 0.453894 0.453894 0.453894
4361.026367 0.000000 2474.594971 0.000000 0.000000 0.000000 1.000000 0.504626 0.504626 0.504626
4341.113281 2.586670 2542.461182 0.000000 0.000000 0.000000 1.000000 0.558643 0.558643 0.558643
4411.927734 0.000000 2556.846436 0.000000 0.000000 0.000000 1.000000 1.000000 1.000000 1.000000
4496.919922 0.000000 2514.448975 0.000000 0.000000 0.000000 1.000000 0.713416 0.713416 0.713416
4453.756836 1.350952 2510.761475 0.000000 0.000000 0.000000 1.000000 0.426990 0.426990 0.426990
4553.205078 0.000000 2457.669189 0.000000 0.000000 0.000000 1.000000 0.385522 0.385522 0.385522
4605.012695 0.000000 2494.446533 0.000000 0.000000 0.000000 1.000000 0.443201 0.443201 0.443201
4556.525391 0.000000 2499.505127 0.000000 0.000000 0.000000 1.000000 0.561340 0.561340 0.561340
4577.501953 0.000000 2567.143311 0.000000 0.000000 0.000000 1.000000 1.000000 1.000000 1.000000
4621.603516 1.583496 2599.803223 0.000000 0.000000 0.000000 1.000000 0.515308 0.515308 0.515308
4559.156250 3.157715 2623.911377 0.000000 0.000000 0.000000 1.000000 0.675073 0.675073 0.675073
4501.949219 0.000000 2561.293701 0.000000 0.000000 0.000000 1.000000 0.370972 0.370972 0.370972
4669.696289 2.486572 2654.780762 0.000000 0.000000 0.000000 1.000000 0.491577 0.491577 0.491577
5107.672852 0.000000 2540.792725 0.000000 0.000000 0.000000 1.000000 0.647778 0.647778 0.647778
5149.409180 0.000000 2537.776123 0.000000 0.000000 0.000000 1.000000 1.000000 1.000000 1.000000
5078.138672 0.000000 2631.643799 0.000000 0.000000 0.000000 1.000000 0.553625 0.553625 0.553625
5121.417969 0.000000 2592.343506 0.000000 0.000000 0.000000 1.000000 0.464294 0.464294 0.464294
5155.641602 0.000000 2665.894287 0.000000 0.000000 0.000000 1.000000 0.704614 0.704614 0.704614
5228.766602 0.000000 2702.802979 0.000000 0.000000 0.000000 1.000000 0.605664 0.605664 0.605664
5285.541016 2.377075 2736.586670 0.000000 0.000000 0.000000 1.000000 1.249927 1.249927 1.249927
5347.274414 1.734253 2767.321533 0.000000 0.000000 0.000000 1.000000 1.320081 1.320081 1.320081
5333.196289 0.000000 2716.945557 0.000000 0.000000 0.000000 1.000000 0.661536 0.661536 0.661536
5452.462891 0.000000 2883.861816 0.000000 0.000000 0.000000 1.000000 1.000000 1.000000 1.000000
5540.857422 0.828613 2911.770020 0.000000 0.000000 0.000000 1.000000 0.470508 0.470508 0.470508
5619.594727 0.000000 2932.928955 0.000000 0.000000 0.000000 1.000000 0.347656 0.347656 0.347656
5894.044922 1.091064 2957.430664 0.000000 0.000000 0.000000 1.000000 0.367312 0.367312 0.367312
5868.124023 1.091064 2979.263672 0.000000 0.000000 0.000000 1.000000 0.367312 0.367312 0.367312
5843.808594 1.091064 2979.968262 0.000000 0.000000 0.000000 1.000000 0.367312 0.367312 0.367312
5845.167969 1.770508 2947.647461 0.000000 0.000000 0.000000 1.000000 0.367312 0.367312 0.367312
5818.604492 1.770508 2959.200928 0.000000 0.000000 0.000000 1.000000 0.367312 0.367312 0.367312
5828.912109 -0.663574 2893.619141 0.000000 0.000000 0.000000 1.000000 0.305434 0.305434 0.305434
5762.960938 -0.663574 2914.008057 0.000000 0.000000 0.000000 1.000000 0.276416 0.276416 0.276416
5708.166992 -0.663574 2960.110840 0.000000 0.000000 0.000000 1.000000 0.276416 0.276416 0.276416
5652.463867 0.000000 2937.962402 0.000000 0.000000 0.000000 1.000000 0.276416 0.276416 0.276416
4509.791016 1.328857 3032.574951 0.000000 0.000000 0.000000 1.000000 1.000000 1.000000 1.000000
4474.665039 0.000000 3088.864746 0.000000 0.000000 0.000000 1.000000 0.578418 0.578418 0.578418
"}
object={
	name="env_desert_plains"
	render_pass=Map
	clamp_to_water_level=yes
	generated_content=no
	layer="env_effect_layer"
	entity="env_desert_plains"
	count=15
	transform="380.285950 0.000000 1403.899414 0.000000 0.000000 0.000000 1.000000 0.741217 0.741217 0.741217
3405.429932 0.000000 1943.096924 0.000000 0.000000 0.000000 1.000000 0.671313 0.671313 0.671313
3430.530273 0.000000 1887.861450 0.000000 0.000000 0.000000 1.000000 0.665503 0.665503 0.665503
3414.327148 0.000000 1914.700439 0.000000 0.000000 0.000000 1.000000 0.534302 0.534302 0.534302
3454.340332 0.000000 1775.556152 0.000000 0.000000 0.000000 1.000000 0.722021 0.722021 0.722021
4742.687500 0.000000 2211.065186 0.000000 0.000000 0.000000 1.000000 1.000000 1.000000 1.000000
4787.621094 0.000000 2239.794678 0.000000 0.000000 0.000000 1.000000 1.000000 1.000000 1.000000
4613.471680 0.000000 2095.138672 0.000000 0.000000 0.000000 1.000000 1.000000 1.000000 1.000000
4623.528320 0.000000 2047.046387 0.000000 0.000000 0.000000 1.000000 1.000000 1.000000 1.000000
4259.181641 0.000000 2252.551514 0.000000 0.000000 0.000000 1.000000 0.667493 0.667493 0.667493
4249.164062 0.000000 2639.857666 0.000000 0.000000 0.000000 1.000000 0.711273 0.711273 0.711273
3904.137695 0.000000 3188.420898 0.000000 0.000000 0.000000 1.000000 0.714624 0.714624 0.714624
4765.529297 0.000000 3151.475098 0.000000 0.000000 0.000000 1.000000 1.000000 1.000000 1.000000
5801.715820 0.000000 3096.870605 0.000000 0.000000 0.000000 1.000000 0.636865 0.636865 0.636865
5376.955078 0.000000 2569.215576 0.000000 0.000000 0.000000 1.000000 1.000000 1.000000 1.000000
"}
object={
	name="env_desert_plains_ambient"
	render_pass=Map
	clamp_to_water_level=yes
	generated_content=no
	layer="env_effect_layer"
	entity="env_desert_plains_ambient"
	count=99
	transform="235.358704 0.000000 1716.583740 0.000000 0.000000 0.000000 1.000000 1.000000 1.000000 1.000000
222.205154 0.000000 1632.371826 0.000000 0.000000 0.000000 1.000000 1.000000 1.000000 1.000000
253.124359 0.000000 1792.836914 0.000000 0.000000 0.000000 1.000000 0.955786 0.955786 0.955786
312.928619 0.000000 1902.769043 0.000000 0.000000 0.000000 1.000000 1.000000 1.000000 1.000000
181.068863 0.000000 1677.055908 0.000000 0.000000 0.000000 1.000000 1.000000 1.000000 1.000000
448.975555 -0.242310 1665.347168 0.000000 0.000000 0.000000 1.000000 1.815253 1.815253 1.815253
630.208496 0.000000 1612.601318 0.000000 0.000000 0.000000 1.000000 2.668341 2.668341 2.668341
607.701416 0.000000 1823.468628 0.000000 0.000000 0.000000 1.000000 2.037744 2.037744 2.037744
950.641296 0.000000 1579.227295 0.000000 0.000000 0.000000 1.000000 2.198291 2.198291 2.198291
862.542847 0.000000 1747.023438 0.000000 0.000000 0.000000 1.000000 2.171826 2.171826 2.171826
1051.213379 0.000000 2068.719971 0.000000 0.000000 0.000000 1.000000 2.078748 2.078748 2.078748
936.539429 0.000000 2046.527954 0.000000 0.000000 0.000000 1.000000 1.765440 1.765440 1.765440
1355.655396 0.000000 1791.456543 0.000000 0.000000 0.000000 1.000000 2.440082 2.440082 2.440082
1406.592773 0.000000 2053.742188 0.000000 0.000000 0.000000 1.000000 1.757678 1.757678 1.757678
1282.758301 0.000000 2165.857422 0.000000 0.000000 0.000000 1.000000 1.000000 1.000000 1.000000
715.097534 0.000000 2012.918091 0.000000 0.000000 0.000000 1.000000 0.671838 0.671838 0.671838
560.105896 0.000000 1974.732666 0.000000 0.000000 0.000000 1.000000 0.475837 0.475837 0.475837
483.673187 0.000000 1951.328979 0.000000 0.000000 0.000000 1.000000 0.511557 0.511557 0.511557
1324.602295 0.000000 1458.885010 0.000000 0.000000 0.000000 1.000000 1.828168 1.828168 1.828168
1587.014771 0.000000 1582.745605 0.000000 0.000000 0.000000 1.000000 1.841754 1.841754 1.841754
1675.142456 0.000000 1356.718384 0.000000 0.000000 0.000000 1.000000 1.221500 1.221500 1.221500
1912.253418 0.000000 1461.326416 0.000000 0.000000 0.000000 1.000000 1.889435 1.889435 1.889435
1763.335449 0.000000 1707.149536 0.000000 0.000000 0.000000 1.000000 1.038013 1.038013 1.038013
1695.751099 0.000000 1946.341431 0.000000 0.000000 0.000000 1.000000 1.542456 1.542456 1.542456
1932.078003 0.000000 1903.765991 0.000000 0.000000 0.000000 1.000000 0.716504 0.716504 0.716504
2044.783203 0.000000 1733.517090 0.000000 0.000000 0.000000 1.000000 2.235785 2.235785 2.235785
2279.365967 0.000000 1514.129883 0.000000 0.000000 0.000000 1.000000 2.690900 2.690900 2.690900
2503.867432 0.000000 1558.510986 0.000000 0.000000 0.000000 1.000000 3.127435 3.127435 3.127435
2407.097168 0.000000 1801.497803 0.000000 0.000000 0.000000 1.000000 2.224841 2.224841 2.224841
3096.494629 0.000000 862.445190 0.000000 0.000000 0.000000 1.000000 0.636585 0.636585 0.636585
3474.292725 0.000000 1070.177124 0.000000 0.000000 0.000000 1.000000 0.841418 0.841418 0.841418
3658.834473 0.000000 1133.564941 0.000000 0.000000 0.000000 1.000000 0.361235 0.361235 0.361235
3526.830566 0.000000 1043.266724 0.000000 0.000000 0.000000 1.000000 0.972903 0.972903 0.972903
2645.045654 0.000000 1888.255249 0.000000 0.000000 0.000000 1.000000 1.000000 1.000000 1.000000
2766.585693 0.000000 1956.900879 0.000000 0.000000 0.000000 1.000000 0.611597 0.611597 0.611597
2765.353760 0.000000 1604.412109 0.000000 0.000000 0.000000 1.000000 0.667139 0.667139 0.667139
2878.127686 0.000000 1641.952637 0.000000 0.000000 0.000000 1.000000 0.672772 0.672772 0.672772
2834.235107 0.000000 1497.385498 0.000000 0.000000 0.000000 1.000000 0.545020 0.545020 0.545020
2686.772217 0.000000 1349.142090 0.000000 0.000000 0.000000 1.000000 1.145217 1.145217 1.145217
2580.340576 0.000000 1351.684937 0.000000 0.000000 0.000000 1.000000 0.368042 0.368042 0.368042
2953.429443 0.000000 1366.457275 0.000000 0.000000 0.000000 1.000000 0.644995 0.644995 0.644995
3021.726318 0.000000 1460.315430 0.000000 0.000000 0.000000 1.000000 0.469543 0.469543 0.469543
2863.186035 0.000000 1810.275757 0.000000 0.000000 0.000000 1.000000 0.423084 0.423084 0.423084
2946.722168 0.000000 1759.522217 0.000000 0.000000 0.000000 1.000000 0.329249 0.329249 0.329249
2894.114014 0.000000 1726.996216 0.000000 0.000000 0.000000 1.000000 0.220822 0.220822 0.220822
2961.171631 0.000000 1547.655151 0.000000 0.000000 0.000000 1.000000 0.220822 0.220822 0.220822
2956.664795 0.000000 1513.252441 0.000000 0.000000 0.000000 1.000000 0.220822 0.220822 0.220822
3107.589355 0.000000 1480.321045 0.000000 0.000000 0.000000 1.000000 0.220822 0.220822 0.220822
2889.368896 0.000000 2064.354980 0.000000 0.000000 0.000000 1.000000 0.372290 0.372290 0.372290
3491.138428 0.000000 3286.686523 0.000000 0.000000 0.000000 1.000000 0.973608 0.973608 0.973608
3443.130859 0.853027 3355.934814 0.000000 0.000000 0.000000 1.000000 1.155151 1.155151 1.155151
3085.964844 0.000000 2367.482422 0.000000 0.000000 0.000000 1.000000 0.185437 0.185437 0.185437
3136.882812 0.000000 2395.977051 0.000000 0.000000 0.000000 1.000000 0.218945 0.218945 0.218945
3287.548584 0.000000 2397.570557 0.000000 0.000000 0.000000 1.000000 0.362835 0.362835 0.362835
3256.759033 0.000000 2409.153076 0.000000 0.000000 0.000000 1.000000 0.444038 0.444038 0.444038
3143.121338 0.000000 2205.090088 0.000000 0.000000 0.000000 1.000000 1.631763 1.631763 1.631763
3253.574707 0.000000 2202.385498 0.000000 0.000000 0.000000 1.000000 1.603003 1.603003 1.603003
3095.527344 0.000000 2049.008789 0.000000 0.000000 0.000000 1.000000 1.000000 1.000000 1.000000
3155.562744 0.000000 2014.923218 0.000000 0.000000 0.000000 1.000000 1.000000 1.000000 1.000000
3410.732178 0.000000 2107.011475 0.000000 0.000000 0.000000 1.000000 0.893115 0.893115 0.893115
3474.929199 0.000000 1968.070679 0.000000 0.000000 0.000000 1.000000 0.812964 0.812964 0.812964
3560.201904 0.000000 1918.693359 0.000000 0.000000 0.000000 1.000000 0.696912 0.696912 0.696912
3520.394043 0.000000 1941.547607 0.000000 0.000000 0.000000 1.000000 0.520020 0.520020 0.520020
3504.631592 0.000000 1580.475586 0.000000 0.000000 0.000000 1.000000 1.281580 1.281580 1.281580
3630.306641 0.000000 1648.139404 0.000000 0.000000 0.000000 1.000000 1.886658 1.886658 1.886658
3756.860107 0.000000 1657.207031 0.000000 0.000000 0.000000 1.000000 2.326880 2.326880 2.326880
3916.275635 0.000000 1698.630127 0.000000 0.000000 0.000000 1.000000 1.476953 1.476953 1.476953
4695.040039 0.000000 2160.316650 0.000000 0.000000 0.000000 1.000000 0.649577 0.649577 0.649577
4336.864258 0.000000 2189.064209 0.000000 0.000000 0.000000 1.000000 0.830762 0.830762 0.830762
4383.505859 0.000000 2230.318604 0.000000 0.000000 0.000000 1.000000 0.872400 0.872400 0.872400
4078.342529 0.000000 2237.059814 0.000000 0.000000 0.000000 1.000000 0.587683 0.587683 0.587683
4041.264404 0.000000 2287.489990 0.000000 0.000000 0.000000 1.000000 0.620581 0.620581 0.620581
3902.952393 0.000000 2448.263916 0.000000 0.000000 0.000000 1.000000 0.812427 0.812427 0.812427
3847.873047 0.000000 2446.358154 0.000000 0.000000 0.000000 1.000000 0.457410 0.457410 0.457410
4111.052734 0.000000 2759.349854 0.000000 0.000000 0.000000 1.000000 0.821436 0.821436 0.821436
4024.332275 0.000000 2756.101074 0.000000 0.000000 0.000000 1.000000 1.160376 1.160376 1.160376
3988.707520 0.000000 2827.580322 0.000000 0.000000 0.000000 1.000000 0.693506 0.693506 0.693506
3960.038330 0.000000 2743.029541 0.000000 0.000000 0.000000 1.000000 0.597510 0.597510 0.597510
3860.223633 0.000000 2831.260986 0.000000 0.000000 0.000000 1.000000 0.542085 0.542085 0.542085
3839.531494 0.000000 2913.409912 0.000000 0.000000 0.000000 1.000000 1.081183 1.081183 1.081183
3844.374268 0.000000 3017.535889 0.000000 0.000000 0.000000 1.000000 0.853526 0.853526 0.853526
3862.441895 0.000000 3103.470703 0.000000 0.000000 0.000000 1.000000 0.664233 0.664233 0.664233
4325.739258 0.000000 2943.959473 0.000000 0.000000 0.000000 1.000000 1.000000 1.000000 1.000000
4198.931641 0.000000 2987.177979 0.000000 0.000000 0.000000 1.000000 1.589917 1.589917 1.589917
4201.979492 0.000000 2881.325928 0.000000 0.000000 0.000000 1.000000 0.764697 0.764697 0.764697
4111.129883 0.000000 3013.835205 0.000000 0.000000 0.000000 1.000000 1.163330 1.163330 1.163330
4868.743164 0.000000 3217.446533 0.000000 0.000000 0.000000 1.000000 0.533496 0.533496 0.533496
4838.440430 0.000000 3248.680908 0.000000 0.000000 0.000000 1.000000 0.533496 0.533496 0.533496
4791.612305 0.000000 3255.080811 0.000000 0.000000 0.000000 1.000000 0.533496 0.533496 0.533496
5427.572266 0.000000 3362.281494 0.000000 0.000000 0.000000 1.000000 0.585085 0.585085 0.585085
5468.780273 0.000000 3343.738525 0.000000 0.000000 0.000000 1.000000 0.412891 0.412891 0.412891
5713.553711 0.000000 3104.240479 0.000000 0.000000 0.000000 1.000000 0.834985 0.834985 0.834985
5634.960938 0.000000 3108.607422 0.000000 0.000000 0.000000 1.000000 1.218555 1.218555 1.218555
5531.046875 0.000000 3094.558838 0.000000 0.000000 0.000000 1.000000 0.561401 0.561401 0.561401
5295.079102 0.000000 2941.199219 0.000000 0.000000 0.000000 1.000000 1.197266 1.197266 1.197266
5161.654297 0.000000 2884.380615 0.000000 0.000000 0.000000 1.000000 1.687988 1.687988 1.687988
5022.183594 0.000000 2833.950195 0.000000 0.000000 0.000000 1.000000 1.480249 1.480249 1.480249
4917.807617 0.000000 2784.588623 0.000000 0.000000 0.000000 1.000000 0.734290 0.734290 0.734290
5237.187500 0.000000 2598.391357 0.000000 0.000000 0.000000 1.000000 0.511047 0.511047 0.511047
"}
object={
	name="env_forest_mountains"
	render_pass=Map
	clamp_to_water_level=yes
	generated_content=no
	layer="env_effect_mountains_layer"
	entity="env_mist_sun"
	count=0
}
object={
	name="env_mist_forest"
	render_pass=Map
	clamp_to_water_level=yes
	generated_content=no
	layer="env_effect_layer"
	entity="env_mist_sun"
	count=105
	transform="2140.582520 0.000000 4311.409180 0.000000 0.000000 0.000000 1.000000 1.000000 1.000000 1.000000
2174.613037 0.000000 4345.170898 0.000000 0.000000 0.000000 1.000000 1.000000 1.000000 1.000000
2208.989990 0.000000 4289.526367 0.000000 0.000000 0.000000 1.000000 1.000000 1.000000 1.000000
2249.043457 0.000000 4437.534180 0.000000 0.000000 0.000000 1.000000 1.206787 1.206787 1.206787
2297.994873 0.000000 4461.647461 0.000000 0.000000 0.000000 1.000000 1.000000 1.000000 1.000000
2285.355957 0.000000 4350.257812 0.000000 0.000000 0.000000 1.000000 1.330542 1.330542 1.330542
2337.894531 0.000000 4353.440430 0.000000 0.000000 0.000000 1.000000 1.000000 1.000000 1.000000
2334.238037 0.000000 4310.763672 0.000000 0.000000 0.000000 1.000000 1.000000 1.000000 1.000000
2246.601074 0.000000 4275.458008 0.000000 0.000000 0.000000 1.000000 0.526074 0.526074 0.526074
2444.949463 0.000000 4110.371094 0.000000 0.000000 0.000000 1.000000 1.000000 1.000000 1.000000
2500.557861 0.000000 4093.758057 0.000000 0.000000 0.000000 1.000000 1.584106 1.584106 1.584106
2540.915771 0.000000 3989.421143 0.000000 0.000000 0.000000 1.000000 0.730298 0.730298 0.730298
2552.840576 0.000000 3946.630371 0.000000 0.000000 0.000000 1.000000 1.000000 1.000000 1.000000
2613.661377 0.000000 4314.751953 0.000000 0.000000 0.000000 1.000000 1.000000 1.000000 1.000000
2607.761475 0.000000 4266.956055 0.000000 0.000000 0.000000 1.000000 1.000000 1.000000 1.000000
2616.768311 0.000000 4221.099609 0.000000 0.000000 0.000000 1.000000 1.000000 1.000000 1.000000
2643.623291 0.000000 4243.862305 0.000000 0.000000 0.000000 1.000000 0.657153 0.657153 0.657153
2770.177246 0.000000 4236.371094 0.000000 0.000000 0.000000 1.000000 1.218066 1.218066 1.218066
2724.593750 0.000000 4449.577148 0.000000 0.000000 0.000000 1.000000 1.000000 1.000000 1.000000
2780.641846 0.000000 4418.016602 0.000000 0.000000 0.000000 1.000000 1.000000 1.000000 1.000000
2828.204102 0.000000 4382.139648 0.000000 0.000000 0.000000 1.000000 1.000000 1.000000 1.000000
2857.038818 0.000000 4341.847656 0.000000 0.000000 0.000000 1.000000 1.000000 1.000000 1.000000
2909.545898 0.000000 4261.409180 0.000000 0.000000 0.000000 1.000000 1.000000 1.000000 1.000000
2897.395020 0.000000 4204.944336 0.000000 0.000000 0.000000 1.000000 1.000000 1.000000 1.000000
2930.579590 0.000000 4141.159180 0.000000 0.000000 0.000000 1.000000 1.000000 1.000000 1.000000
2903.472412 0.000000 4077.749756 0.000000 0.000000 0.000000 1.000000 1.136914 1.136914 1.136914
2921.716553 0.000000 4018.600342 0.000000 0.000000 0.000000 1.000000 1.000000 1.000000 1.000000
2976.064697 0.000000 4092.596191 0.000000 0.000000 0.000000 1.000000 1.000000 1.000000 1.000000
3039.047119 0.000000 4055.015137 0.000000 0.000000 0.000000 1.000000 1.000000 1.000000 1.000000
3079.598633 0.000000 4007.337158 0.000000 0.000000 0.000000 1.000000 1.000000 1.000000 1.000000
3185.724854 0.000000 4051.479004 0.000000 0.000000 0.000000 1.000000 1.000000 1.000000 1.000000
3248.543213 0.000000 4062.605225 0.000000 0.000000 0.000000 1.000000 1.000000 1.000000 1.000000
3305.877441 0.000000 4080.384033 0.000000 0.000000 0.000000 1.000000 1.000000 1.000000 1.000000
3286.682617 0.000000 4130.930664 0.000000 0.000000 0.000000 1.000000 1.000000 1.000000 1.000000
3339.764160 0.000000 4169.661133 0.000000 0.000000 0.000000 1.000000 1.000000 1.000000 1.000000
3417.684326 0.000000 4180.485352 0.000000 0.000000 0.000000 1.000000 1.000000 1.000000 1.000000
3479.950928 0.000000 4198.797852 0.000000 0.000000 0.000000 1.000000 1.000000 1.000000 1.000000
3569.647217 0.000000 4194.670898 0.000000 0.000000 0.000000 1.000000 1.000000 1.000000 1.000000
3646.827148 0.000000 4208.590820 0.000000 0.000000 0.000000 1.000000 1.000000 1.000000 1.000000
3859.921387 0.000000 4152.582031 0.000000 0.000000 0.000000 1.000000 1.000000 1.000000 1.000000
3943.000000 0.000000 4205.708008 0.000000 0.000000 0.000000 1.000000 1.000000 1.000000 1.000000
4008.378662 0.000000 4187.501953 0.000000 0.000000 0.000000 1.000000 1.000000 1.000000 1.000000
4016.330078 0.000000 4272.317383 0.000000 0.000000 0.000000 1.000000 1.000000 1.000000 1.000000
4222.486328 0.000000 4196.766602 0.000000 0.000000 0.000000 1.000000 1.797559 1.797559 1.797559
4391.687500 0.000000 4125.901367 0.000000 0.000000 0.000000 1.000000 1.000000 1.000000 1.000000
4468.410156 0.000000 4053.783203 0.000000 0.000000 0.000000 1.000000 1.000000 1.000000 1.000000
4409.882812 0.000000 3926.687744 0.000000 0.000000 0.000000 1.000000 1.000000 1.000000 1.000000
4233.400391 0.000000 3934.658203 0.000000 0.000000 0.000000 1.000000 1.600635 1.600635 1.600635
4831.105469 0.000000 4172.640625 0.000000 0.000000 0.000000 1.000000 1.000000 1.000000 1.000000
4954.293945 0.000000 4216.848633 0.000000 0.000000 0.000000 1.000000 1.000000 1.000000 1.000000
5071.256836 0.000000 4219.761719 0.000000 0.000000 0.000000 1.000000 1.000000 1.000000 1.000000
5817.481445 0.000000 4192.969727 0.000000 0.000000 0.000000 1.000000 1.000000 1.000000 1.000000
6102.183594 0.000000 4419.510742 0.000000 0.000000 0.000000 1.000000 1.000000 1.000000 1.000000
6140.224609 0.000000 1841.871094 0.000000 0.000000 0.000000 1.000000 1.000000 1.000000 1.000000
6092.859375 0.000000 1939.328735 0.000000 0.000000 0.000000 1.000000 1.000000 1.000000 1.000000
6072.542969 0.000000 2032.164185 0.000000 0.000000 0.000000 1.000000 1.000000 1.000000 1.000000
6064.265625 0.000000 2112.466064 0.000000 0.000000 0.000000 1.000000 1.000000 1.000000 1.000000
6024.389648 0.000000 2197.968262 0.000000 0.000000 0.000000 1.000000 1.000000 1.000000 1.000000
6073.647461 0.000000 2253.694092 0.000000 0.000000 0.000000 1.000000 3.063232 3.063232 3.063232
5964.032227 0.000000 2199.565918 0.000000 0.000000 0.000000 1.000000 1.000000 1.000000 1.000000
5841.333008 0.000000 2083.960693 0.000000 0.000000 0.000000 1.000000 0.593762 0.593762 0.593762
5850.647461 0.000000 2026.059448 0.000000 0.000000 0.000000 1.000000 0.732153 0.732153 0.732153
5874.912109 0.000000 1972.023926 0.000000 0.000000 0.000000 1.000000 0.514282 0.514282 0.514282
5246.249023 0.000000 1774.843262 0.000000 0.000000 0.000000 1.000000 1.316821 1.316821 1.316821
5358.617188 0.000000 1756.417480 0.000000 0.000000 0.000000 1.000000 0.407538 0.407538 0.407538
5344.054688 0.000000 1712.209717 0.000000 0.000000 0.000000 1.000000 0.457458 0.457458 0.457458
2898.164307 0.000000 889.465759 0.000000 0.000000 0.000000 1.000000 4.067575 4.067575 4.067575
2700.159912 0.000000 886.407227 0.000000 0.000000 0.000000 1.000000 4.067575 4.067575 4.067575
2509.938721 0.000000 896.794922 0.000000 0.000000 0.000000 1.000000 4.067575 4.067575 4.067575
2325.838623 0.000000 905.105835 0.000000 0.000000 0.000000 1.000000 2.603565 2.603565 2.603565
2153.865967 0.000000 910.789917 0.000000 0.000000 0.000000 1.000000 2.603565 2.603565 2.603565
2017.026978 0.000000 922.051514 0.000000 0.000000 0.000000 1.000000 2.603565 2.603565 2.603565
1876.623657 0.000000 953.048462 0.000000 0.000000 0.000000 1.000000 2.603565 2.603565 2.603565
1768.411743 0.000000 869.506287 0.000000 0.000000 0.000000 1.000000 2.603565 2.603565 2.603565
1492.067871 0.000000 832.914917 0.000000 0.000000 0.000000 1.000000 0.788075 0.788075 0.788075
855.667725 0.000000 1371.437500 0.000000 0.000000 0.000000 1.000000 0.274979 0.274979 0.274979
841.131531 0.000000 1338.401855 0.000000 0.000000 0.000000 1.000000 0.443714 0.443714 0.443714
5843.352539 0.000000 3274.314453 0.000000 0.000000 0.000000 1.000000 2.872632 2.872632 2.872632
5951.256836 0.000000 3337.788818 0.000000 0.000000 0.000000 1.000000 2.918067 2.918067 2.918067
6093.346680 0.000000 3327.913818 0.000000 0.000000 0.000000 1.000000 3.948779 3.948779 3.948779
6260.254883 0.000000 3467.042969 0.000000 0.000000 0.000000 1.000000 6.633838 6.633838 6.633838
6494.865234 0.000000 3063.500000 0.000000 0.000000 0.000000 1.000000 4.178710 4.178710 4.178710
6326.896484 0.000000 3917.691162 0.000000 0.000000 0.000000 1.000000 1.534155 1.534155 1.534155
6325.381836 0.000000 4010.647461 0.000000 0.000000 0.000000 1.000000 1.615185 1.615185 1.615185
4681.252930 0.000000 3374.019775 0.000000 0.000000 0.000000 1.000000 1.166650 1.166650 1.166650
4898.746094 0.000000 3686.473877 0.000000 0.000000 0.000000 1.000000 1.000000 1.000000 1.000000
4794.417969 0.000000 3591.068115 0.000000 0.000000 0.000000 1.000000 1.459229 1.459229 1.459229
4715.984375 0.000000 3616.961426 0.000000 0.000000 0.000000 1.000000 1.464526 1.464526 1.464526
4658.788086 0.000000 3640.213867 0.000000 0.000000 0.000000 1.000000 1.396167 1.396167 1.396167
4601.998047 0.000000 3673.510742 0.000000 0.000000 0.000000 1.000000 1.370239 1.370239 1.370239
4451.409180 0.000000 3768.873291 0.000000 0.000000 0.000000 1.000000 1.897241 1.897241 1.897241
4314.820312 0.000000 3715.479004 0.000000 0.000000 0.000000 1.000000 1.242920 1.242920 1.242920
4214.190430 0.000000 3759.138916 0.000000 0.000000 0.000000 1.000000 1.346289 1.346289 1.346289
4233.174805 0.000000 3802.336914 0.000000 0.000000 0.000000 1.000000 1.060840 1.060840 1.060840
4207.218750 0.000000 3553.970703 0.000000 0.000000 0.000000 1.000000 1.728418 1.728418 1.728418
4129.447266 0.000000 3555.955566 0.000000 0.000000 0.000000 1.000000 1.416357 1.416357 1.416357
4059.734131 0.000000 3538.086914 0.000000 0.000000 0.000000 1.000000 1.374268 1.374268 1.374268
3895.609375 0.000000 3457.254150 0.000000 0.000000 0.000000 1.000000 1.335938 1.335938 1.335938
3789.315430 0.000000 3455.035400 0.000000 0.000000 0.000000 1.000000 1.157056 1.157056 1.157056
3694.427490 0.000000 3467.270508 0.000000 0.000000 0.000000 1.000000 1.000000 1.000000 1.000000
3619.513916 0.000000 3458.570312 0.000000 0.000000 0.000000 1.000000 1.000000 1.000000 1.000000
3313.351562 0.000000 3121.253418 0.000000 0.000000 0.000000 1.000000 1.921509 1.921509 1.921509
3205.549561 0.000000 3135.973145 0.000000 0.000000 0.000000 1.000000 2.267358 2.267358 2.267358
4590.434570 0.000000 3941.804688 0.000000 0.000000 0.000000 1.000000 1.346802 1.346802 1.346802
4663.238281 0.000000 3930.055176 0.000000 0.000000 0.000000 1.000000 1.084546 1.084546 1.084546
"}
object={
	name="env_snow_mountains"
	render_pass=Map
	clamp_to_water_level=yes
	generated_content=no
	layer="env_effect_mountains_layer"
	entity="env_snow_mountains"
	count=287
	transform="422.634430 1.298828 4645.576172 0.000000 0.000000 0.000000 1.000000 1.000000 1.000000 1.000000
387.328522 0.000000 4623.233398 0.000000 0.000000 0.000000 1.000000 1.000000 1.000000 1.000000
344.077942 5.117920 4640.330078 0.000000 0.000000 0.000000 1.000000 1.000000 1.000000 1.000000
1462.957520 0.000000 4111.772461 0.000000 0.000000 0.000000 1.000000 1.000000 1.000000 1.000000
1460.008301 0.000000 4160.983398 0.000000 0.000000 0.000000 1.000000 1.000000 1.000000 1.000000
1493.913818 0.579102 4194.852539 0.000000 0.000000 0.000000 1.000000 1.000000 1.000000 1.000000
1531.866577 0.000000 4233.916992 0.000000 0.000000 0.000000 1.000000 1.000000 1.000000 1.000000
1501.984497 0.000000 4275.724609 0.000000 0.000000 0.000000 1.000000 1.000000 1.000000 1.000000
1420.931885 -2.034424 4215.367188 0.000000 0.000000 0.000000 1.000000 0.549879 0.549879 0.549879
1657.419800 0.000000 4281.660156 0.000000 0.000000 0.000000 1.000000 1.000000 1.000000 1.000000
1670.159058 0.000000 4247.064453 0.000000 0.000000 0.000000 1.000000 0.716406 0.716406 0.716406
1700.938965 1.303711 4272.665039 0.000000 0.000000 0.000000 1.000000 0.640674 0.640674 0.640674
1666.477051 0.000000 4343.582031 0.000000 0.000000 0.000000 1.000000 0.420435 0.420435 0.420435
1573.666626 0.000000 4332.166016 0.000000 0.000000 0.000000 1.000000 0.445281 0.445281 0.445281
1607.177124 0.000000 4275.532227 0.000000 0.000000 0.000000 1.000000 0.561987 0.561987 0.561987
1535.738892 0.000000 4315.735352 0.000000 0.000000 0.000000 1.000000 0.553491 0.553491 0.553491
1735.429565 0.000000 4441.432617 0.000000 0.000000 0.000000 1.000000 1.000000 1.000000 1.000000
1742.322754 0.000000 4496.810547 0.000000 0.000000 0.000000 1.000000 1.303711 1.303711 1.303711
1807.590454 0.000000 4530.644531 0.000000 0.000000 0.000000 1.000000 0.713184 0.713184 0.713184
1819.591797 0.000000 4587.511719 0.000000 0.000000 0.000000 1.000000 1.000000 1.000000 1.000000
1852.247803 0.000000 4581.091797 0.000000 0.000000 0.000000 1.000000 0.755225 0.755225 0.755225
1892.108643 0.000000 4636.569336 0.000000 0.000000 0.000000 1.000000 1.000000 1.000000 1.000000
1914.746948 0.000000 4680.429688 0.000000 0.000000 0.000000 1.000000 1.000000 1.000000 1.000000
1933.274536 0.758789 4710.869141 0.000000 0.000000 0.000000 1.000000 0.688883 0.688883 0.688883
2109.852539 0.000000 4768.708008 0.000000 0.000000 0.000000 1.000000 0.589235 0.589235 0.589235
2070.671143 1.435303 4772.261719 0.000000 0.000000 0.000000 1.000000 0.461432 0.461432 0.461432
2238.568848 0.000000 4689.479492 0.000000 0.000000 0.000000 1.000000 0.415137 0.415137 0.415137
2268.554688 0.000000 4671.800781 0.000000 0.000000 0.000000 1.000000 0.387738 0.387738 0.387738
1411.507935 0.000000 3476.194336 0.000000 0.000000 0.000000 1.000000 0.652586 0.652586 0.652586
1387.803955 1.646484 3456.684082 0.000000 0.000000 0.000000 1.000000 0.423999 0.423999 0.423999
1342.703857 1.218994 3379.432129 0.000000 0.000000 0.000000 1.000000 0.408545 0.408545 0.408545
1343.630493 0.000000 3292.094238 0.000000 0.000000 0.000000 1.000000 0.463647 0.463647 0.463647
1316.884399 2.181396 3243.369385 0.000000 0.000000 0.000000 1.000000 0.650464 0.650464 0.650464
1400.279541 0.832275 3277.755615 0.000000 0.000000 0.000000 1.000000 0.478882 0.478882 0.478882
1387.646973 0.000000 3227.292480 0.000000 0.000000 0.000000 1.000000 0.425046 0.425046 0.425046
1338.817017 0.686768 3187.052490 0.000000 0.000000 0.000000 1.000000 0.658350 0.658350 0.658350
1292.713379 0.000000 3139.542725 0.000000 0.000000 0.000000 1.000000 0.448878 0.448878 0.448878
1788.448120 -0.680908 3200.108398 0.000000 0.000000 0.000000 1.000000 0.366919 0.366919 0.366919
1610.613159 -0.935791 3160.926758 0.000000 0.000000 0.000000 1.000000 0.394219 0.394219 0.394219
1676.945557 -0.375244 3167.898438 0.000000 0.000000 0.000000 1.000000 0.394219 0.394219 0.394219
1776.630615 -0.744873 3110.359863 0.000000 0.000000 0.000000 1.000000 0.394219 0.394219 0.394219
1795.114380 -0.744873 3106.759766 0.000000 0.000000 0.000000 1.000000 0.394219 0.394219 0.394219
1687.459473 0.000000 3106.898926 0.000000 0.000000 0.000000 1.000000 0.823218 0.823218 0.823218
1611.554688 0.358643 3102.971191 0.000000 0.000000 0.000000 1.000000 1.000000 1.000000 1.000000
1657.041382 0.000000 3107.808594 0.000000 0.000000 0.000000 1.000000 0.708361 0.708361 0.708361
1517.335449 3.621582 3117.336426 0.000000 0.000000 0.000000 1.000000 1.000000 1.000000 1.000000
1486.644165 0.000000 3093.881348 0.000000 0.000000 0.000000 1.000000 0.639355 0.639355 0.639355
1702.019043 -1.615356 2805.744385 0.000000 0.000000 0.000000 1.000000 0.570837 0.570837 0.570837
1744.111938 -1.685913 2754.339355 0.000000 0.000000 0.000000 1.000000 0.340351 0.340351 0.340351
1821.191772 0.000000 2672.576660 0.000000 0.000000 0.000000 1.000000 0.343614 0.343614 0.343614
1549.646362 2.139160 2930.548828 0.000000 -0.297840 0.000000 0.954616 0.375609 0.375609 0.375609
1443.378052 -0.790771 2969.878174 0.000000 -0.292183 0.000000 0.956362 0.256374 0.256374 0.256374
1474.301270 -0.790771 2964.206055 0.000000 -0.292183 0.000000 0.956362 0.453806 0.453806 0.453806
1410.138794 1.370850 3106.904541 0.000000 0.000000 0.000000 1.000000 1.000000 1.000000 1.000000
1373.874023 0.000000 3087.182617 0.000000 0.000000 0.000000 1.000000 0.676709 0.676709 0.676709
1345.462158 -0.169434 3033.040771 0.000000 0.000000 0.000000 1.000000 0.387598 0.387598 0.387598
1333.182495 0.087402 3058.606689 0.000000 0.000000 0.000000 1.000000 0.387598 0.387598 0.387598
1328.913574 -0.643311 3090.793945 0.000000 0.000000 0.000000 1.000000 0.387598 0.387598 0.387598
1323.732178 2.065674 2977.606201 0.000000 0.000000 0.000000 1.000000 0.609570 0.609570 0.609570
1349.133179 0.000000 2940.511475 0.000000 0.000000 0.000000 1.000000 0.529541 0.529541 0.529541
1895.338501 0.948975 2900.520996 0.000000 -0.236611 0.000000 0.971604 0.284659 0.284659 0.284659
1886.960083 0.948975 2911.181641 0.000000 -0.101221 0.000000 0.994864 0.316528 0.316528 0.316528
1530.997314 0.000000 3534.632324 0.000000 0.000000 0.000000 1.000000 0.292334 0.292334 0.292334
1500.258545 0.915527 3438.227783 0.000000 0.000000 0.000000 1.000000 0.249822 0.249822 0.249822
1649.888916 -0.220703 3432.617676 0.000000 -0.228731 0.000000 0.973490 0.182014 0.182014 0.182014
1663.904907 0.603271 3436.440430 0.000000 -0.228731 0.000000 0.973490 0.210191 0.210191 0.210191
1702.582397 -0.231201 3452.689697 0.000000 -0.228731 0.000000 0.973490 0.182014 0.182014 0.182014
1715.706421 -0.231201 3453.903809 0.000000 -0.228731 0.000000 0.973490 0.182014 0.182014 0.182014
1815.124146 1.618652 3441.973877 0.000000 -0.228731 0.000000 0.973490 0.265508 0.265508 0.265508
2081.228027 0.101562 3290.608643 0.000000 -0.525328 0.000000 0.850900 0.265508 0.265508 0.265508
2064.248047 0.101562 3302.299316 0.000000 -0.525328 0.000000 0.850900 0.265508 0.265508 0.265508
2036.357544 0.101562 3301.546387 0.000000 -0.525328 0.000000 0.850900 0.265508 0.265508 0.265508
2002.017456 -0.338623 3297.514404 0.000000 -0.525328 0.000000 0.850900 0.265508 0.265508 0.265508
2042.400391 -0.338623 3326.002441 0.000000 -0.525328 0.000000 0.850900 0.265508 0.265508 0.265508
2018.508057 0.454345 3322.697998 0.000000 -0.525328 0.000000 0.850900 0.265508 0.265508 0.265508
2003.137817 0.727539 3345.665527 0.000000 -0.525328 0.000000 0.850900 0.265508 0.265508 0.265508
1969.102905 -0.405030 3309.383301 0.000000 -0.525328 0.000000 0.850900 0.265508 0.265508 0.265508
1958.325562 -0.405030 3333.634033 0.000000 -0.525328 0.000000 0.850900 0.265508 0.265508 0.265508
1923.081177 -0.405030 3298.776855 0.000000 -0.228731 0.000000 0.973490 0.265508 0.265508 0.265508
1908.335083 0.432861 3401.791992 0.000000 -0.228731 0.000000 0.973490 0.265508 0.265508 0.265508
1879.991089 1.353271 3407.757080 0.000000 -0.228731 0.000000 0.973490 0.265508 0.265508 0.265508
1831.698975 2.047607 3366.865967 0.000000 -0.228731 0.000000 0.973490 0.265508 0.265508 0.265508
1786.928955 -0.104248 3331.995361 0.000000 -0.228731 0.000000 0.973490 0.265508 0.265508 0.265508
1759.877319 0.350342 3275.761230 0.000000 -0.228731 0.000000 0.973490 0.265508 0.265508 0.265508
1712.013428 1.057129 3296.216553 0.000000 -0.228731 0.000000 0.973490 0.265508 0.265508 0.265508
1694.969482 1.057129 3305.239014 0.000000 -0.228731 0.000000 0.973490 0.265508 0.265508 0.265508
1644.135254 1.057129 3350.581543 0.000000 -0.228731 0.000000 0.973490 0.328506 0.328506 0.328506
1615.738159 1.057129 3394.369385 0.000000 -0.228731 0.000000 0.973490 0.328506 0.328506 0.328506
1563.586182 1.057129 3423.717285 0.000000 0.000000 0.000000 1.000000 0.328506 0.328506 0.328506
1060.888062 0.973878 2837.261719 0.000000 0.000000 0.000000 1.000000 0.476186 0.476186 0.476186
1007.389038 0.550049 2850.240723 0.000000 0.000000 0.000000 1.000000 0.459188 0.459188 0.459188
943.361694 -0.761963 2875.316162 0.000000 0.000000 0.000000 1.000000 0.623917 0.623917 0.623917
908.495789 -1.760742 2882.614990 0.000000 0.000000 0.000000 1.000000 0.485645 0.485645 0.485645
877.097839 0.000000 2889.249512 0.000000 0.000000 0.000000 1.000000 0.391145 0.391145 0.391145
753.211914 0.000000 2749.549316 0.000000 0.000000 0.000000 1.000000 0.376125 0.376125 0.376125
806.815063 0.000000 2815.722168 0.000000 0.000000 0.000000 1.000000 0.376125 0.376125 0.376125
654.289429 0.000000 2699.703125 0.000000 0.000000 0.000000 1.000000 0.576605 0.576605 0.576605
687.910034 0.000000 2711.248779 0.000000 0.000000 0.000000 1.000000 0.576605 0.576605 0.576605
718.701965 0.000000 2733.555176 0.000000 0.000000 0.000000 1.000000 0.576605 0.576605 0.576605
582.758545 0.000000 2706.906006 0.000000 0.000000 0.000000 1.000000 0.567292 0.567292 0.567292
526.265686 0.000000 2703.564209 0.000000 0.000000 0.000000 1.000000 0.443091 0.443091 0.443091
621.095886 0.000000 2902.713623 0.000000 0.000000 0.000000 1.000000 0.340548 0.340548 0.340548
577.856567 -1.607666 2882.147705 0.000000 0.000000 0.000000 1.000000 0.368213 0.368213 0.368213
596.448364 -0.268555 2903.303711 0.000000 0.000000 0.000000 1.000000 0.362500 0.362500 0.362500
2216.945557 -0.939575 2559.796631 0.000000 -0.381951 0.000000 0.924182 0.287561 0.287561 0.287561
2204.552490 -0.939575 2574.454834 0.000000 -0.381951 0.000000 0.924182 0.287561 0.287561 0.287561
2124.744873 -0.939575 2633.628174 0.000000 -0.381951 0.000000 0.924182 0.287561 0.287561 0.287561
2106.912109 -0.939575 2625.187988 0.000000 0.031001 0.000000 0.999519 0.287561 0.287561 0.287561
2095.692383 -0.939575 2640.795166 0.000000 0.031001 0.000000 0.999519 0.287561 0.287561 0.287561
2314.965820 -0.022705 2768.989502 0.000000 0.122101 0.000000 0.992518 0.287561 0.287561 0.287561
2344.608154 -0.956421 2744.022705 0.000000 0.230365 0.000000 0.973104 0.287561 0.287561 0.287561
2225.923096 -0.956421 2717.971191 0.000000 0.230365 0.000000 0.973104 0.287561 0.287561 0.287561
2204.157959 -0.380371 2701.656006 0.000000 0.000000 0.000000 1.000000 0.287561 0.287561 0.287561
2145.281494 -0.380371 2779.443604 0.000000 0.000000 0.000000 1.000000 0.287561 0.287561 0.287561
2135.993164 -1.619019 2761.374756 0.000000 0.000000 0.000000 1.000000 0.287561 0.287561 0.287561
2087.899902 -1.619019 2803.412842 0.000000 0.000000 0.000000 1.000000 0.287561 0.287561 0.287561
2389.496338 -0.981445 2837.295410 0.000000 -0.478434 0.000000 0.878123 0.293530 0.293530 0.293530
2357.234863 -0.981445 2839.424561 0.000000 -0.478434 0.000000 0.878123 0.293530 0.293530 0.293530
2333.641113 -0.981445 2839.574463 0.000000 -0.478434 0.000000 0.878123 0.293530 0.293530 0.293530
2217.103027 0.416260 3013.365723 0.000000 0.000000 0.000000 1.000000 0.491748 0.491748 0.491748
2415.346436 0.000000 3058.396729 0.000000 0.000000 0.000000 1.000000 0.373841 0.373841 0.373841
2327.247803 0.000000 3043.721680 0.000000 0.000000 0.000000 1.000000 0.413428 0.413428 0.413428
2272.410400 0.000000 3039.384033 0.000000 0.000000 0.000000 1.000000 0.413428 0.413428 0.413428
2210.081787 -0.804932 3109.736084 0.000000 -0.253520 0.000000 0.967330 0.312969 0.312969 0.312969
2211.504395 -0.804932 3128.679688 0.000000 -0.253520 0.000000 0.967330 0.312969 0.312969 0.312969
2203.732178 -1.614258 3152.200439 0.000000 -0.253520 0.000000 0.967330 0.312969 0.312969 0.312969
2221.016357 -0.479492 3275.943359 0.000000 -0.468893 0.000000 0.883255 0.314180 0.314180 0.314180
2175.824707 -0.382813 3319.100342 0.000000 -0.583240 0.000000 0.812300 0.418444 0.418444 0.418444
2221.502930 -0.763184 3304.451172 0.000000 -0.253520 0.000000 0.967330 0.418444 0.418444 0.418444
2269.954590 -1.370605 3266.083984 0.000000 -0.253520 0.000000 0.967330 0.418444 0.418444 0.418444
2282.625000 -0.108887 3246.857910 0.000000 -0.253520 0.000000 0.967330 0.312969 0.312969 0.312969
2305.409424 -1.401123 3224.413086 0.000000 -0.253520 0.000000 0.967330 0.312969 0.312969 0.312969
2262.904053 -1.547607 3201.954590 0.000000 -0.253520 0.000000 0.967330 0.312969 0.312969 0.312969
2354.013428 0.000000 3168.237549 0.000000 -0.253520 0.000000 0.967330 0.312969 0.312969 0.312969
2389.974365 0.000000 3128.730469 0.000000 0.000000 0.000000 1.000000 0.312969 0.312969 0.312969
2396.602539 0.000000 3105.121338 0.000000 0.000000 0.000000 1.000000 0.312969 0.312969 0.312969
2753.804443 -0.244873 2479.723877 0.000000 -0.170850 0.000000 0.985297 0.198864 0.198864 0.198864
3043.227783 -0.812500 2550.386719 0.000000 -0.256884 0.000000 0.966442 0.242041 0.242041 0.242041
3063.520020 -1.679932 2557.027832 0.000000 -0.256884 0.000000 0.966442 0.242041 0.242041 0.242041
2941.302979 0.625366 2575.894287 0.000000 -0.256884 0.000000 0.966442 0.242041 0.242041 0.242041
2925.403809 0.099976 2525.462646 0.000000 -0.256884 0.000000 0.966442 0.242041 0.242041 0.242041
2884.614990 -0.625366 2485.805420 0.000000 -0.256884 0.000000 0.966442 0.242041 0.242041 0.242041
2869.229004 0.000000 2469.187256 0.000000 -0.256884 0.000000 0.966442 0.242041 0.242041 0.242041
2780.200439 0.000000 2455.429199 0.000000 -0.256884 0.000000 0.966442 0.288723 0.288723 0.288723
3378.432861 3.609131 2672.517334 0.000000 0.000000 0.000000 1.000000 0.646680 0.646680 0.646680
3420.208984 0.000000 2723.575439 0.000000 0.000000 0.000000 1.000000 0.261108 0.261108 0.261108
3334.950439 0.000000 2752.708740 0.000000 0.000000 0.000000 1.000000 0.198980 0.198980 0.198980
3346.123535 0.000000 2704.120605 0.000000 0.000000 0.000000 1.000000 0.198980 0.198980 0.198980
3624.856934 0.000000 2555.469971 0.000000 0.000000 0.000000 1.000000 0.217908 0.217908 0.217908
3514.589600 0.000000 2820.251221 0.000000 0.000000 0.000000 1.000000 0.305160 0.305160 0.305160
3147.036621 -0.298828 2955.472656 0.000000 0.000000 0.000000 1.000000 0.363397 0.363397 0.363397
3177.885010 -2.193115 2946.010742 0.000000 0.000000 0.000000 1.000000 0.363397 0.363397 0.363397
3211.596436 0.128174 2937.837158 0.000000 0.000000 0.000000 1.000000 0.363397 0.363397 0.363397
3249.496338 0.128174 2938.182861 0.000000 0.000000 0.000000 1.000000 0.363397 0.363397 0.363397
3274.805176 -1.049072 2925.808594 0.000000 0.000000 0.000000 1.000000 0.363397 0.363397 0.363397
3337.969971 0.000000 2900.589600 0.000000 0.000000 0.000000 1.000000 0.456811 0.456811 0.456811
3378.969482 0.000000 2896.656250 0.000000 0.000000 0.000000 1.000000 0.456811 0.456811 0.456811
3414.767090 0.000000 2881.672119 0.000000 0.000000 0.000000 1.000000 0.456811 0.456811 0.456811
3456.534180 0.000000 2861.817871 0.000000 0.000000 0.000000 1.000000 0.456811 0.456811 0.456811
3484.113525 0.000000 2839.771729 0.000000 0.000000 0.000000 1.000000 0.456811 0.456811 0.456811
3914.163086 0.690674 3669.836426 0.000000 0.000000 0.000000 1.000000 1.000000 1.000000 1.000000
3961.147461 0.000000 3696.608643 0.000000 0.000000 0.000000 1.000000 0.815552 0.815552 0.815552
3983.762451 0.000000 3631.931885 0.000000 0.000000 0.000000 1.000000 0.588525 0.588525 0.588525
4032.148438 0.000000 3739.234619 0.000000 0.000000 0.000000 1.000000 0.405396 0.405396 0.405396
3991.308350 1.763672 3720.702148 0.000000 0.000000 0.000000 1.000000 0.510840 0.510840 0.510840
3800.711670 0.000000 4059.727783 0.000000 0.000000 0.000000 1.000000 1.000000 1.000000 1.000000
3772.431396 0.000000 4113.625000 0.000000 0.000000 0.000000 1.000000 1.000000 1.000000 1.000000
3769.068604 0.000000 4174.318359 0.000000 0.000000 0.000000 1.000000 1.000000 1.000000 1.000000
3735.247559 0.000000 4247.625977 0.000000 0.000000 0.000000 1.000000 1.000000 1.000000 1.000000
6229.491211 0.000000 2356.227295 0.000000 0.000000 0.000000 1.000000 1.000000 1.000000 1.000000
6282.108398 0.000000 2442.144287 0.000000 0.000000 0.000000 1.000000 1.000000 1.000000 1.000000
6290.744141 0.000000 2523.719238 0.000000 0.000000 0.000000 1.000000 1.000000 1.000000 1.000000
6341.910156 0.000000 2580.001221 0.000000 0.000000 0.000000 1.000000 1.000000 1.000000 1.000000
6328.647461 0.000000 2654.220703 0.000000 0.000000 0.000000 1.000000 1.000000 1.000000 1.000000
6330.911133 0.000000 2759.352051 0.000000 0.000000 0.000000 1.000000 1.000000 1.000000 1.000000
6277.022461 0.000000 2823.728516 0.000000 0.000000 0.000000 1.000000 1.000000 1.000000 1.000000
6345.124023 0.000000 2854.323730 0.000000 0.000000 0.000000 1.000000 1.000000 1.000000 1.000000
6346.204102 0.000000 2919.691650 0.000000 0.000000 0.000000 1.000000 1.000000 1.000000 1.000000
6303.027344 0.000000 3741.789795 0.000000 0.000000 0.000000 1.000000 1.000000 1.000000 1.000000
6314.750977 0.000000 3827.868164 0.000000 0.000000 0.000000 1.000000 1.000000 1.000000 1.000000
6244.059570 0.000000 4196.362305 0.000000 0.000000 0.000000 1.000000 1.000000 1.000000 1.000000
6288.838867 0.000000 4250.575195 0.000000 0.000000 0.000000 1.000000 1.000000 1.000000 1.000000
3020.260254 0.000000 1265.610474 0.000000 0.000000 0.000000 1.000000 0.479129 0.479129 0.479129
3093.138428 -0.888306 1300.401123 0.000000 0.000000 0.000000 1.000000 0.194275 0.194275 0.194275
3138.765869 -1.944580 1293.040527 0.000000 0.000000 0.000000 1.000000 0.379077 0.379077 0.379077
3179.054199 0.000000 1317.659424 0.000000 0.000000 0.000000 1.000000 0.134344 0.134344 0.134344
3223.705566 0.000000 1279.820190 0.000000 0.000000 0.000000 1.000000 0.254348 0.254348 0.254348
3197.994873 0.000000 1276.951172 0.000000 0.000000 0.000000 1.000000 0.204697 0.204697 0.204697
3195.282227 0.476410 1224.137939 0.000000 0.000000 0.000000 1.000000 0.364505 0.364505 0.364505
3119.753418 0.000000 1173.673218 0.000000 0.000000 0.000000 1.000000 0.220538 0.220538 0.220538
3210.904053 0.236908 1158.362305 0.000000 0.000000 0.000000 1.000000 0.361856 0.361856 0.361856
3213.953613 0.000000 1009.870422 0.000000 0.000000 0.000000 1.000000 0.565498 0.565498 0.565498
3270.801270 0.000000 1103.517578 0.000000 0.000000 0.000000 1.000000 0.238678 0.238678 0.238678
3228.173096 -0.346191 1075.245605 0.000000 0.000000 0.000000 1.000000 0.264175 0.264175 0.264175
610.514038 -0.927567 984.303406 0.000000 0.000000 0.000000 1.000000 0.394339 0.394339 0.394339
5206.460938 0.000000 3986.549561 0.000000 0.000000 0.000000 1.000000 0.670166 0.670166 0.670166
5222.401367 0.000000 4041.574707 0.000000 0.000000 0.000000 1.000000 0.670166 0.670166 0.670166
5186.708984 0.000000 3877.191895 0.000000 0.000000 0.000000 1.000000 0.673169 0.673169 0.673169
5212.784180 0.000000 3796.565430 0.000000 0.000000 0.000000 1.000000 0.607861 0.607861 0.607861
5195.922852 0.000000 3718.548584 0.000000 0.000000 0.000000 1.000000 1.000000 1.000000 1.000000
5247.049805 0.000000 3668.847412 0.000000 0.000000 0.000000 1.000000 1.000000 1.000000 1.000000
5312.092773 0.000000 3635.325195 0.000000 0.000000 0.000000 1.000000 0.498779 0.498779 0.498779
5353.610352 0.000000 3609.942627 0.000000 0.000000 0.000000 1.000000 0.364624 0.364624 0.364624
5743.751953 0.000000 3842.445312 0.000000 0.000000 0.000000 1.000000 0.328975 0.328975 0.328975
5772.900391 0.000000 3830.133545 0.000000 0.000000 0.000000 1.000000 0.322314 0.322314 0.322314
5745.482422 2.251221 3774.341309 0.000000 0.000000 0.000000 1.000000 0.535059 0.535059 0.535059
5672.079102 -1.574707 3709.391846 0.000000 0.000000 0.000000 1.000000 0.455573 0.455573 0.455573
5702.209961 0.000000 3692.990967 0.000000 0.000000 0.000000 1.000000 0.254776 0.254776 0.254776
6016.407227 0.000000 2944.506592 0.000000 0.000000 0.000000 1.000000 0.409692 0.409692 0.409692
5917.794922 0.000000 2983.648926 0.000000 0.000000 0.000000 1.000000 0.492432 0.492432 0.492432
6177.441406 0.000000 2916.138672 0.000000 0.000000 0.000000 1.000000 0.214453 0.214453 0.214453
6133.892578 0.000000 2928.888184 0.000000 0.000000 0.000000 1.000000 0.214453 0.214453 0.214453
5961.634766 0.000000 2990.810547 0.000000 0.000000 0.000000 1.000000 0.214453 0.214453 0.214453
5994.847656 0.000000 2983.656250 0.000000 0.000000 0.000000 1.000000 0.214453 0.214453 0.214453
5809.823242 0.000000 3552.876465 0.000000 0.000000 0.000000 1.000000 1.000000 1.000000 1.000000
5873.159180 0.000000 3566.426025 0.000000 0.000000 0.000000 1.000000 0.816870 0.816870 0.816870
5944.270508 0.000000 3548.518066 0.000000 0.000000 0.000000 1.000000 0.671216 0.671216 0.671216
5131.639648 0.000000 3643.085449 0.000000 0.000000 0.000000 1.000000 0.673486 0.673486 0.673486
5177.589844 0.000000 3605.821289 0.000000 0.000000 0.000000 1.000000 0.611768 0.611768 0.611768
5269.744141 -0.501221 3572.192871 0.000000 0.000000 0.000000 1.000000 0.522168 0.522168 0.522168
5325.474609 -0.460205 3552.941162 0.000000 0.000000 0.000000 1.000000 0.442895 0.442895 0.442895
5383.188477 -1.241699 3543.556396 0.000000 0.000000 0.000000 1.000000 0.629028 0.629028 0.629028
5484.112305 0.000000 3481.781250 0.000000 0.000000 0.000000 1.000000 0.756421 0.756421 0.756421
5539.269531 0.000000 3466.359131 0.000000 0.000000 0.000000 1.000000 1.000000 1.000000 1.000000
5607.495117 0.000000 3445.987061 0.000000 0.000000 0.000000 1.000000 1.000000 1.000000 1.000000
5438.035156 0.288818 3134.199951 0.000000 -0.243558 0.000000 0.969886 0.343945 0.343945 0.343945
5442.776367 0.288818 3235.875732 0.000000 0.000000 0.000000 1.000000 0.343945 0.343945 0.343945
5518.230469 -1.208740 3242.661621 0.000000 0.000000 0.000000 1.000000 0.343945 0.343945 0.343945
5702.005859 -1.641113 3262.563232 0.000000 0.000000 0.000000 1.000000 0.343945 0.343945 0.343945
5670.306641 -1.641113 3293.552002 0.000000 0.000000 0.000000 1.000000 0.343945 0.343945 0.343945
5712.312500 -1.641113 3377.201172 0.000000 0.000000 0.000000 1.000000 0.343945 0.343945 0.343945
5806.855469 0.000000 3427.629639 0.000000 0.000000 0.000000 1.000000 0.343945 0.343945 0.343945
5759.475586 0.000000 3442.069580 0.000000 0.000000 0.000000 1.000000 0.343945 0.343945 0.343945
5236.403320 0.000000 3411.522705 0.000000 -0.237456 0.000000 0.971398 0.470239 0.470239 0.470239
5253.361328 -1.073730 3200.351318 0.000000 -0.271512 0.000000 0.962435 0.408945 0.408945 0.408945
5183.139648 -2.135010 3205.787109 0.000000 -0.271512 0.000000 0.962435 0.408945 0.408945 0.408945
5181.477539 -2.697266 3282.892334 0.000000 -0.271512 0.000000 0.962435 0.527688 0.527688 0.527688
5229.320312 -1.504150 3271.733154 0.000000 -0.271512 0.000000 0.962435 0.527688 0.527688 0.527688
5259.150391 -2.535889 3329.185547 0.000000 -0.271512 0.000000 0.962435 0.390245 0.390245 0.390245
5125.351562 -2.535889 3379.528564 0.000000 -0.271512 0.000000 0.962435 0.390245 0.390245 0.390245
5198.389648 0.000000 3372.080566 0.000000 -0.271512 0.000000 0.962435 0.478418 0.478418 0.478418
5374.208984 0.000000 3175.042236 0.000000 0.000000 0.000000 1.000000 1.000000 1.000000 1.000000
5319.063477 -0.839600 3164.389160 0.000000 0.000000 0.000000 1.000000 1.000000 1.000000 1.000000
5272.001953 0.000000 3133.313721 0.000000 0.000000 0.000000 1.000000 1.000000 1.000000 1.000000
5114.258789 -0.261475 3096.727295 0.000000 0.000000 0.000000 1.000000 1.000000 1.000000 1.000000
5220.039062 -1.476563 3109.509521 0.000000 0.000000 0.000000 1.000000 0.530347 0.530347 0.530347
5041.399414 -0.672363 3087.361572 0.000000 0.000000 0.000000 1.000000 1.000000 1.000000 1.000000
4981.242188 0.000000 3054.772461 0.000000 0.000000 0.000000 1.000000 1.000000 1.000000 1.000000
4933.954102 0.000000 3018.926270 0.000000 0.000000 0.000000 1.000000 1.000000 1.000000 1.000000
4896.374023 0.000000 2958.020508 0.000000 0.000000 0.000000 1.000000 1.000000 1.000000 1.000000
4845.439453 -3.019287 2935.046387 0.000000 0.000000 0.000000 1.000000 1.000000 1.000000 1.000000
4629.828125 2.282227 2982.849365 0.000000 0.000000 0.000000 1.000000 0.370160 0.370160 0.370160
4567.811523 -0.460205 2965.819824 0.000000 0.000000 0.000000 1.000000 0.526139 0.526139 0.526139
4723.205078 -0.460205 2914.938232 0.000000 0.000000 0.000000 1.000000 0.396436 0.396436 0.396436
4742.315430 -1.383789 2878.488525 0.000000 0.000000 0.000000 1.000000 0.396436 0.396436 0.396436
4801.862305 -1.383789 2906.481201 0.000000 0.000000 0.000000 1.000000 0.396436 0.396436 0.396436
4641.744141 0.026855 2824.502197 0.000000 0.000000 0.000000 1.000000 1.526147 1.526147 1.526147
4543.805664 0.000000 2808.713623 0.000000 0.000000 0.000000 1.000000 0.582678 0.582678 0.582678
4500.440430 0.000000 2789.793701 0.000000 0.000000 0.000000 1.000000 0.563517 0.563517 0.563517
4437.637695 0.000000 2765.219971 0.000000 0.000000 0.000000 1.000000 0.417090 0.417090 0.417090
4590.871094 0.000000 2739.353271 0.000000 0.000000 0.000000 1.000000 0.428638 0.428638 0.428638
4672.640625 0.000000 2745.993164 0.000000 0.000000 0.000000 1.000000 0.308167 0.308167 0.308167
4756.349609 1.441895 2767.987793 0.000000 0.000000 0.000000 1.000000 0.728948 0.728948 0.728948
4727.055664 0.000000 2729.863525 0.000000 0.000000 0.000000 1.000000 0.449463 0.449463 0.449463
4664.010742 -1.039795 2701.986572 0.000000 0.000000 0.000000 1.000000 0.357227 0.357227 0.357227
4669.899414 -1.639893 2580.300049 0.000000 0.000000 0.000000 1.000000 0.592676 0.592676 0.592676
4751.188477 0.000000 2632.867188 0.000000 0.000000 0.000000 1.000000 0.644043 0.644043 0.644043
4826.919922 0.000000 2688.937744 0.000000 0.000000 0.000000 1.000000 0.522656 0.522656 0.522656
4892.206055 0.000000 2656.922607 0.000000 0.000000 0.000000 1.000000 0.678333 0.678333 0.678333
4957.471680 0.000000 2637.663330 0.000000 0.000000 0.000000 1.000000 0.255151 0.255151 0.255151
4975.136719 0.000000 2607.252930 0.000000 0.000000 0.000000 1.000000 0.260144 0.260144 0.260144
4911.534180 -0.785400 2577.690674 0.000000 -0.423676 0.000000 0.905814 0.185803 0.185803 0.185803
4870.212891 -1.584717 2515.456299 0.000000 0.000000 0.000000 1.000000 0.380566 0.380566 0.380566
4977.796875 -1.427734 2491.354736 0.000000 0.000000 0.000000 1.000000 0.214539 0.214539 0.214539
5039.549805 0.000000 2519.991943 0.000000 0.000000 0.000000 1.000000 0.214539 0.214539 0.214539
5114.410156 0.000000 2375.297607 0.000000 0.000000 0.000000 1.000000 0.250256 0.250256 0.250256
5270.415039 0.000000 2336.461670 0.000000 0.000000 0.000000 1.000000 0.256897 0.256897 0.256897
5326.329102 -1.499878 2318.542725 0.000000 0.000000 0.000000 1.000000 0.315015 0.315015 0.315015
5521.259766 -0.783691 2284.768311 0.000000 0.000000 0.000000 1.000000 0.312683 0.312683 0.312683
5465.886719 0.000000 2284.171631 0.000000 0.000000 0.000000 1.000000 0.312683 0.312683 0.312683
5661.053711 -1.805664 2313.307129 0.000000 -0.454383 0.000000 0.890806 0.296139 0.296139 0.296139
5611.448242 -0.429810 2300.001953 0.000000 0.000000 0.000000 1.000000 0.482886 0.482886 0.482886
5781.519531 -0.991455 2313.526611 0.000000 0.000000 0.000000 1.000000 0.457837 0.457837 0.457837
5826.567383 0.000000 2358.400146 0.000000 0.000000 0.000000 1.000000 0.323364 0.323364 0.323364
5940.757812 0.000000 2403.834717 0.000000 0.000000 0.000000 1.000000 0.449707 0.449707 0.449707
5764.917969 0.910522 2451.089355 0.000000 0.000000 0.000000 1.000000 0.284912 0.284912 0.284912
5802.604492 0.000000 2485.747314 0.000000 0.000000 0.000000 1.000000 0.284314 0.284314 0.284314
"}
object={
	name="env_snow_plains"
	render_pass=Map
	clamp_to_water_level=yes
	generated_content=no
	layer="env_effect_layer"
	entity="env_snow_plains"
	count=2
	transform="2585.373535 -3.095947 4522.540039 0.000000 0.000000 0.000000 1.000000 1.000000 1.000000 1.000000
2602.768066 0.000000 4709.587891 0.000000 0.000000 0.000000 1.000000 1.000000 1.000000 1.000000
"}
object={
	name="env_snow_plains_ambient"
	render_pass=Map
	clamp_to_water_level=yes
	generated_content=no
	layer="env_effect_layer"
	entity="env_snow_plains_ambient"
	count=41
	transform="2672.807861 -0.325439 4547.169922 0.000000 0.000000 0.000000 1.000000 1.000000 1.000000 1.000000
2746.896729 0.000000 4507.507812 0.000000 0.000000 0.000000 1.000000 1.000000 1.000000 1.000000
2853.750244 -1.495361 4445.509766 0.000000 0.000000 0.000000 1.000000 1.000000 1.000000 1.000000
2652.819336 -2.859131 4634.613281 0.000000 0.000000 0.000000 1.000000 1.000000 1.000000 1.000000
2930.021973 0.000000 4360.323242 0.000000 0.000000 0.000000 1.000000 1.000000 1.000000 1.000000
2985.409668 0.000000 4183.934570 0.000000 0.000000 0.000000 1.000000 1.000000 1.000000 1.000000
3104.034424 -1.886475 4082.483154 0.000000 0.000000 0.000000 1.000000 1.000000 1.000000 1.000000
3219.334961 0.000000 4138.251953 0.000000 0.000000 0.000000 1.000000 1.000000 1.000000 1.000000
3276.923340 0.000000 4196.013672 0.000000 0.000000 0.000000 1.000000 1.000000 1.000000 1.000000
3417.978271 0.000000 4257.534180 0.000000 0.000000 0.000000 1.000000 1.000000 1.000000 1.000000
3544.777832 0.000000 4259.691406 0.000000 0.000000 0.000000 1.000000 1.000000 1.000000 1.000000
3609.298828 0.000000 4287.122070 0.000000 0.000000 0.000000 1.000000 1.000000 1.000000 1.000000
3851.620850 0.000000 4273.710938 0.000000 0.000000 0.000000 1.000000 1.000000 1.000000 1.000000
4333.274414 -1.473389 4287.935547 0.000000 0.000000 0.000000 1.000000 1.000000 1.000000 1.000000
4361.246094 0.000000 4194.635742 0.000000 0.000000 0.000000 1.000000 1.000000 1.000000 1.000000
4461.305664 0.000000 4128.882812 0.000000 0.000000 0.000000 1.000000 1.000000 1.000000 1.000000
4571.166992 0.000000 4137.720703 0.000000 0.000000 0.000000 1.000000 1.000000 1.000000 1.000000
4447.405273 0.000000 4255.883789 0.000000 0.000000 0.000000 1.000000 1.000000 1.000000 1.000000
4518.995117 0.000000 4195.800781 0.000000 0.000000 0.000000 1.000000 1.000000 1.000000 1.000000
4658.388672 0.000000 4101.344727 0.000000 0.000000 0.000000 1.000000 1.000000 1.000000 1.000000
4634.618164 0.000000 4208.455078 0.000000 0.000000 0.000000 1.000000 1.000000 1.000000 1.000000
4749.010742 0.000000 4147.773438 0.000000 0.000000 0.000000 1.000000 1.000000 1.000000 1.000000
4884.782227 0.000000 4265.912109 0.000000 0.000000 0.000000 1.000000 1.000000 1.000000 1.000000
5009.923828 0.000000 4282.899414 0.000000 0.000000 0.000000 1.000000 1.000000 1.000000 1.000000
5201.024414 0.000000 4289.121094 0.000000 0.000000 0.000000 1.000000 1.000000 1.000000 1.000000
5301.567383 0.000000 4267.796875 0.000000 0.000000 0.000000 1.000000 1.000000 1.000000 1.000000
5429.343750 0.000000 4237.243164 0.000000 0.000000 0.000000 1.000000 1.000000 1.000000 1.000000
5561.804688 0.000000 4224.607422 0.000000 0.000000 0.000000 1.000000 1.000000 1.000000 1.000000
5716.169922 0.000000 4224.493164 0.000000 0.000000 0.000000 1.000000 1.000000 1.000000 1.000000
5808.360352 0.000000 4290.103516 0.000000 0.000000 0.000000 1.000000 1.000000 1.000000 1.000000
5884.153320 0.000000 4433.377930 0.000000 0.000000 0.000000 1.000000 1.000000 1.000000 1.000000
5969.456055 0.000000 4535.429688 0.000000 0.000000 0.000000 1.000000 1.000000 1.000000 1.000000
6107.403320 0.000000 4527.060547 0.000000 0.000000 0.000000 1.000000 1.000000 1.000000 1.000000
6163.907227 0.000000 4439.907227 0.000000 0.000000 0.000000 1.000000 1.000000 1.000000 1.000000
6264.413086 0.000000 4500.815430 0.000000 0.000000 0.000000 1.000000 1.000000 1.000000 1.000000
6340.480469 0.000000 4403.310547 0.000000 0.000000 0.000000 1.000000 1.000000 1.000000 1.000000
6317.291016 0.000000 4121.946289 0.000000 0.000000 0.000000 1.000000 1.000000 1.000000 1.000000
3063.805908 0.000000 4111.250977 0.000000 0.000000 0.000000 1.000000 1.000000 1.000000 1.000000
2975.617920 0.000000 4268.328125 0.000000 0.000000 0.000000 1.000000 1.000000 1.000000 1.000000
2815.400635 0.000000 4473.705078 0.000000 0.000000 0.000000 1.000000 1.000000 1.000000 1.000000
3356.445557 0.000000 4225.973633 0.000000 0.000000 0.000000 1.000000 1.000000 1.000000 1.000000
"}
object={
	name="waterfall"
	render_pass=Map
	clamp_to_water_level=yes
	generated_content=no
	layer="coast_foam_layer"
	entity="waterfall"
	count=0
}
object={
	name="waterfall_bottom"
	render_pass=Map
	clamp_to_water_level=yes
	generated_content=no
	layer="coast_foam_layer"
	entity="waterfall_bottom"
	count=0
}
