object={
	name="great_wall_china_gate"
	render_pass=Map
	clamp_to_water_level=no
	generated_content=no
	layer="temp_layer"
	pdxmesh="tgp_great_wall_gate_01_mesh"
	count=11
	transform="6337.386719 0.000000 2953.398438 0.000000 -0.889999 0.000000 -0.455963 1.000000 1.000000 1.000000
6366.925781 0.000000 3117.092041 0.000000 0.719258 0.000000 0.694743 1.000000 1.000000 1.000000
6427.580078 0.000000 3194.969482 0.000000 -0.995631 0.000000 -0.093374 1.000000 1.000000 1.000000
6307.361328 0.000000 2857.947266 0.000000 0.999597 0.000000 0.028373 1.000000 1.000000 1.000000
6427.172852 0.000000 2936.551758 0.000000 0.908257 0.000000 0.418413 1.000000 1.000000 1.000000
6546.419922 0.000000 3095.896484 0.000000 -0.774070 0.000000 -0.633100 1.000000 1.000000 1.000000
6696.437500 0.000000 3233.325439 0.000000 -0.912371 0.000000 -0.409364 1.000000 1.000000 1.000000
6776.268555 0.000000 3290.878906 0.000000 -0.998742 0.000000 0.050145 1.000000 1.000000 1.000000
-0.476807 0.000000 255.815674 0.000000 0.000000 0.000000 1.000000 1.000000 1.000000 1.000000
-0.476807 0.000000 255.815674 0.000000 0.000000 0.000000 1.000000 1.000000 1.000000 1.000000
-0.476807 0.000000 255.815674 0.000000 0.000000 0.000000 1.000000 1.000000 1.000000 1.000000
"}
