object={
	name="lakes"
	render_pass=Map
	clamp_to_water_level=no
	generated_content=no
	layer="lake_layer"
	pdxmesh="lake_mesh"
	count=236
	transform="1879.118164 -1.531250 4669.367188 0.000000 0.127566 0.000000 0.991830 15.156264 15.156264 15.156264
1644.016846 1.251221 3669.073486 0.000000 0.423676 0.000000 0.905814 5.573364 5.573364 5.573364
2092.035400 1.462402 3709.989746 0.000000 0.000000 0.000000 1.000000 5.830308 5.830308 5.830308
2098.487305 1.462402 3685.714844 0.000000 0.000000 0.000000 1.000000 5.830308 5.830308 5.830308
320.190796 0.019044 4604.371094 0.000000 0.994212 0.000000 0.107439 12.535140 12.535140 12.535140
1434.223999 0.294678 3086.332764 0.000000 0.882845 0.000000 -0.469665 6.077335 6.077335 6.077335
1428.506470 0.880127 3075.522461 0.000000 -0.545943 0.000000 0.837822 12.567498 12.567498 12.567498
4758.910156 2.166259 2988.543701 0.000000 -0.036125 0.000000 0.999347 11.014447 11.014447 11.014447
638.310425 0.918945 3780.613525 0.000000 -0.864966 0.000000 0.501831 4.851781 4.851781 4.851781
2525.016113 0.699463 3956.078857 0.000000 0.421685 0.000000 0.906742 9.057212 9.057212 9.057212
2476.122314 1.265137 3955.482422 0.000000 0.490235 0.000000 0.871590 7.722569 7.722569 7.722569
2465.897217 2.016602 3953.731201 0.000000 0.455959 0.000000 0.890001 7.746788 7.746788 7.746788
1903.567139 1.523193 4594.099609 0.000000 0.000000 0.000000 1.000000 10.781592 10.781592 10.781592
1818.692749 -0.026123 4473.553711 0.000000 0.308687 0.000000 0.951164 10.811905 10.811905 10.811905
1783.962891 0.533936 4406.276367 0.000000 0.602591 0.000000 0.798050 8.324876 8.324876 8.324876
1729.109009 0.857178 4364.960938 0.000000 0.279227 0.000000 0.960225 4.242383 4.242383 4.242383
1734.852539 1.221923 4331.578125 0.000000 0.188786 0.000000 0.982018 18.605555 18.605555 18.605555
1773.599487 0.457275 4298.166992 0.000000 0.188786 0.000000 0.982018 18.605555 18.605555 18.605555
1732.773071 2.686768 4351.071289 0.000000 0.663539 0.000000 0.748141 18.605555 18.605555 18.605555
543.890076 1.898192 3791.584961 0.000000 0.548402 0.000000 0.836215 5.375959 5.375959 5.375959
1868.468994 2.792481 4503.540039 0.000000 0.203375 0.000000 0.979101 14.884582 14.884582 14.884582
1849.829346 3.021484 4519.736328 0.000000 0.472030 0.000000 0.881582 11.672919 11.672919 11.672919
1668.971802 1.614990 4361.971680 0.000000 0.843193 0.000000 -0.537611 7.096653 7.096653 7.096653
1684.796753 2.290771 4387.065430 0.000000 0.366364 0.000000 -0.930472 17.656607 17.656607 17.656607
1581.616577 2.582031 4177.469727 0.000000 0.557119 0.000000 0.830433 9.937582 9.937582 9.937582
1607.075317 0.279297 4187.669922 0.000000 0.429045 0.000000 0.903283 20.802437 20.802437 20.802437
685.612671 1.600219 2310.934082 0.000000 0.231152 0.000000 0.972918 10.548601 10.548601 10.548601
2842.994873 2.463135 2613.510010 0.000000 0.349832 0.000000 0.936813 14.373421 14.373421 14.373421
2658.076416 2.347168 2500.042969 0.000000 0.993898 0.000000 0.110305 9.716330 9.716330 9.716330
2657.060547 -1.360108 2480.662842 0.000000 0.078828 0.000000 -0.996888 12.935730 12.935730 12.935730
2678.587891 -0.790772 2501.826660 0.000000 0.709407 0.000000 -0.704799 17.897331 17.897331 17.897331
2709.124756 2.793700 2522.467041 0.000000 0.705596 0.000000 0.708614 16.413857 16.413857 16.413857
2924.179688 0.221191 2570.149658 0.000000 0.398389 0.000000 0.917217 16.413857 16.413857 16.413857
2741.857666 2.956420 2505.319092 0.000000 0.398389 0.000000 0.917217 16.413857 16.413857 16.413857
2833.885742 3.357666 2583.322754 0.000000 0.349832 0.000000 0.936813 33.769379 33.769379 33.769379
3296.224365 1.688721 2782.171387 0.000000 -0.881058 0.000000 0.473008 9.794930 9.794930 9.794930
3302.443359 4.251954 2629.186768 0.000000 -0.359362 0.000000 0.933198 48.791710 48.791710 48.791710
1449.646729 0.000000 3215.457520 0.000000 0.648814 0.000000 0.760948 6.857174 6.857174 6.857174
1560.927734 0.000000 3188.400146 0.000000 0.648814 0.000000 0.760948 6.857174 6.857174 6.857174
1573.241577 0.000000 3223.600098 0.000000 0.648814 0.000000 0.760948 6.857174 6.857174 6.857174
1468.720581 0.616699 3147.252441 0.000000 0.797317 0.000000 0.603561 2.782289 2.782289 2.782289
1420.010864 1.609130 3143.324463 0.000000 -0.091334 0.000000 0.995821 4.233682 4.233682 4.233682
1415.899658 0.624023 3158.433350 0.000000 0.128020 0.000000 0.991772 8.639521 8.639521 8.639521
1545.977539 2.061769 3044.577393 0.000000 0.716017 0.000000 0.698082 15.328931 15.328931 15.328931
1472.939819 1.712891 3207.514404 0.000000 -0.905945 0.000000 0.423396 24.020245 24.020245 24.020245
1324.196533 1.712891 3157.157227 0.000000 -0.423980 0.000000 0.905671 24.020245 24.020245 24.020245
1305.747559 2.036866 3120.838135 0.000000 0.000000 0.000000 1.000000 36.600914 36.600914 36.600914
2989.251465 0.000000 2146.978271 -0.000000 -0.000000 -0.000000 1.000000 1.000000 1.000000 1.000000
2972.809326 1.512939 2215.154541 -0.000000 -0.639406 -0.000000 0.768869 8.087207 8.087207 8.087207
2966.277100 -4.520630 2135.357178 -0.000000 -0.639406 -0.000000 0.768869 21.940123 21.940123 21.940123
2966.275146 1.275513 2136.671631 -0.000000 -0.639406 -0.000000 0.768869 21.940123 21.940123 21.940123
5540.439453 4.232911 3008.653320 0.000000 0.780521 0.000000 -0.625129 40.310905 40.310905 40.310905
5568.930664 -0.390625 3385.639404 0.000000 0.112736 0.000000 0.993625 37.119358 37.119358 37.119358
5281.142578 1.034424 3336.110596 0.000000 -0.228137 0.000000 0.973629 14.203422 14.203422 14.203422
5329.725586 3.158936 3438.015381 0.000000 -0.364398 0.000000 0.931243 24.295073 24.295073 24.295073
5549.293945 1.041504 3329.658203 0.000000 -0.108308 0.000000 0.994117 8.056372 8.056372 8.056372
5336.730469 3.422851 3419.447021 0.000000 -0.539073 0.000000 0.842259 8.056372 8.056372 8.056372
6262.519043 5.514404 4002.718506 0.000000 0.742048 0.000000 0.670346 52.350487 52.350487 52.350487
6241.793457 5.919922 3883.855957 0.000000 0.858005 0.000000 0.513642 78.219299 78.219299 78.219299
6171.152344 5.348145 3802.520996 0.000000 0.933539 0.000000 0.358474 86.589943 86.589943 86.589943
5980.092773 9.727295 3694.962402 0.000000 0.738889 0.000000 0.673826 37.693779 37.693779 37.693779
5566.640625 2.917480 3598.799316 0.000000 0.000000 0.000000 1.000000 37.693779 37.693779 37.693779
5512.038086 5.706788 3670.337891 0.000000 0.000000 0.000000 1.000000 56.933052 56.933052 56.933052
5429.197266 4.062988 3601.601074 0.000000 0.468947 0.000000 0.883226 14.421523 14.421523 14.421523
5436.534180 3.457763 3646.181885 0.000000 -0.050881 0.000000 0.998705 15.336850 15.336850 15.336850
5231.556641 1.497070 3513.726318 0.000000 0.000000 0.000000 1.000000 14.421523 14.421523 14.421523
3306.135010 -1.587952 1207.880127 0.000000 0.174036 0.000000 0.984739 13.830501 13.830501 13.830501
3091.889893 2.459778 1227.858521 0.000000 0.000000 0.000000 1.000000 25.409878 25.409878 25.409878
3093.062012 2.223755 1246.314331 0.000000 0.000000 0.000000 1.000000 17.062283 17.062283 17.062283
3120.543457 0.881180 975.094971 0.000000 -0.491804 0.000000 0.870706 29.376287 29.376287 29.376287
3171.085693 -1.420196 1046.302490 0.000000 -0.491804 0.000000 0.870706 20.751310 20.751310 20.751310
3068.394043 -2.505371 829.158142 0.000000 0.696171 0.000000 0.717876 71.815781 71.815781 71.815781
2201.684326 1.130737 2678.892334 0.000000 0.865711 0.000000 0.500543 10.298976 10.298976 10.298976
2157.166748 2.656006 2694.489014 0.000000 0.627457 0.000000 0.778651 13.485481 13.485481 13.485481
2139.954102 1.893066 2703.300537 0.000000 0.627457 0.000000 0.778651 13.485481 13.485481 13.485481
2288.720703 1.323608 2678.842041 0.000000 0.000000 0.000000 1.000000 5.172881 5.172881 5.172881
2305.733887 1.823120 2682.864502 0.000000 0.000000 0.000000 1.000000 8.169932 8.169932 8.169932
2202.319336 2.101563 2522.500732 0.000000 0.168654 0.000000 0.985675 6.622243 6.622243 6.622243
2705.417725 1.776977 2549.790039 0.000000 -0.336647 0.000000 0.941631 7.716177 7.716177 7.716177
2726.532227 -1.262207 2564.445557 0.000000 0.258918 0.000000 0.965899 18.164228 18.164228 18.164228
3419.147217 1.911499 2580.229736 0.000000 0.580783 0.000000 0.814059 39.018711 39.018711 39.018711
3394.141113 5.593872 2751.853760 0.000000 0.395027 0.000000 0.918669 24.617380 24.617380 24.617380
3328.362305 2.609131 2631.322021 0.000000 0.784952 0.000000 0.619557 7.209981 7.209981 7.209981
3977.872070 2.594726 2198.650391 0.000000 0.999921 0.000000 0.012599 9.785446 9.785446 9.785446
4037.895752 2.645386 2236.510986 0.000000 0.999921 0.000000 0.012599 16.245289 16.245289 16.245289
4080.045898 3.830322 2186.140381 0.000000 0.999921 0.000000 0.012599 16.245289 16.245289 16.245289
4092.281494 -0.707519 2133.325684 0.000000 0.924603 0.000000 0.380932 21.906305 21.906305 21.906305
4086.352295 3.954956 2066.500732 0.000000 0.694526 0.000000 0.719467 25.448694 25.448694 25.448694
4700.864258 2.604492 2811.341797 0.000000 0.036094 0.000000 0.999348 15.494776 15.494776 15.494776
4655.379883 3.191895 2970.960449 0.000000 -0.083673 0.000000 0.996493 7.911607 7.911607 7.911607
4401.480469 -2.042968 2894.040039 0.000000 0.106942 0.000000 0.994265 66.462578 66.462578 66.462578
4537.191406 4.032226 2863.485107 0.000000 -0.193145 0.000000 0.981170 15.752451 15.752451 15.752451
4270.166016 2.679688 2850.062500 0.000000 0.009125 0.000000 0.999958 11.668904 11.668904 11.668904
4290.704102 2.117919 2804.842529 0.000000 0.009125 0.000000 0.999958 11.668904 11.668904 11.668904
4288.520508 -1.610962 2756.828125 0.000000 0.251394 0.000000 0.967885 30.560972 30.560972 30.560972
4323.816406 1.307739 2666.040283 0.000000 -0.033960 0.000000 0.999423 14.837814 14.837814 14.837814
3695.014893 0.915649 2450.468018 0.000000 -0.258181 0.000000 0.966097 14.837814 14.837814 14.837814
3781.431641 4.378784 2292.136475 0.000000 0.389216 0.000000 0.921147 21.853962 21.853962 21.853962
3837.220703 -1.042114 2151.707031 0.000000 0.234342 0.000000 0.972154 28.361542 28.361542 28.361542
3908.007080 -0.359375 3803.246094 0.000000 -0.500838 0.000000 0.865541 11.104680 11.104680 11.104680
3903.063232 2.724366 3847.325195 0.000000 0.512048 0.000000 0.858957 7.585004 7.585004 7.585004
5538.779297 4.780518 3525.910645 0.000000 -0.601799 0.000000 0.798647 33.265923 33.265923 33.265923
5726.683594 1.280029 3495.655762 0.000000 0.511392 0.000000 0.859347 11.490909 11.490909 11.490909
5948.963867 2.398438 3450.222900 0.000000 -0.026181 0.000000 0.999657 10.048801 10.048801 10.048801
5890.421875 3.076660 3456.575928 0.000000 0.215997 0.000000 0.976394 10.048801 10.048801 10.048801
5778.002930 1.402100 3460.493164 0.000000 0.215997 0.000000 0.976394 15.634364 15.634364 15.634364
5682.071289 2.424561 3482.686523 0.000000 -0.006897 0.000000 0.999976 38.687134 38.687134 38.687134
5604.681641 3.413574 3508.477783 0.000000 0.419248 0.000000 0.907872 16.931530 16.931530 16.931530
5579.784180 3.403320 3536.983643 0.000000 0.419248 0.000000 0.907872 21.072451 21.072451 21.072451
6048.491211 1.608398 3462.209473 0.000000 0.000000 0.000000 1.000000 6.155762 6.155762 6.155762
5892.029297 1.804931 4016.463135 0.000000 0.455416 0.000000 0.890279 5.015439 5.015439 5.015439
4925.716797 -0.400146 2036.111938 0.000000 0.000000 0.000000 1.000000 10.629927 10.629927 10.629927
4888.693359 0.630615 2428.845947 0.000000 0.000000 0.000000 1.000000 4.341914 4.341914 4.341914
4790.599609 1.355469 2602.295166 0.000000 -0.840277 0.000000 -0.542157 4.063225 4.063225 4.063225
5629.359375 1.671143 3280.981201 0.000000 -0.563866 0.000000 0.825866 9.029453 9.029453 9.029453
5628.598633 1.671143 3281.339844 0.000000 -0.563866 0.000000 0.825866 9.029453 9.029453 9.029453
5579.056641 2.207031 3251.562012 0.000000 -0.645207 0.000000 0.764008 7.262752 7.262752 7.262752
5060.873047 -0.851807 3237.174316 0.000000 -0.879160 0.000000 0.476527 20.171219 20.171219 20.171219
4441.699219 2.805664 3410.163818 0.000000 0.000000 0.000000 1.000000 12.844775 12.844775 12.844775
4761.669922 3.271240 3506.203613 0.000000 0.000000 0.000000 1.000000 20.196659 20.196659 20.196659
5364.343750 2.429199 3102.952148 0.000000 0.862393 0.000000 0.506239 19.320902 19.320902 19.320902
5498.918945 0.714844 2494.443848 0.000000 -0.247227 0.000000 0.968958 21.724773 21.724773 21.724773
5481.212891 -0.410278 2521.766602 0.000000 0.908894 0.000000 0.417027 14.326097 14.326097 14.326097
5464.557617 -0.795166 2488.441650 0.000000 0.797547 0.000000 0.603257 21.724773 21.724773 21.724773
5513.577148 1.233643 2463.439697 0.000000 0.164231 0.000000 0.986422 21.724773 21.724773 21.724773
5576.646484 -1.801636 2466.846924 0.000000 0.176380 0.000000 0.984322 21.628889 21.628889 21.628889
5584.649414 0.571411 2601.453857 0.000000 0.993227 0.000000 0.116188 21.376095 21.376095 21.376095
5672.984375 1.773682 2531.633057 0.000000 0.655361 0.000000 0.755316 9.922686 9.922686 9.922686
5640.619141 3.794800 2529.115479 0.000000 0.093673 0.000000 0.995603 9.922686 9.922686 9.922686
5573.437500 -3.223633 2561.741943 0.000000 0.209675 0.000000 0.977771 27.685064 27.685064 27.685064
5654.670898 -1.776734 2491.543213 0.000000 -0.060754 0.000000 0.998153 27.685064 27.685064 27.685064
5647.132812 1.157959 2334.813965 0.000000 0.024107 0.000000 0.999709 7.950306 7.950306 7.950306
5660.469727 1.231445 2360.184082 0.000000 -0.135809 0.000000 0.990735 21.628889 21.628889 21.628889
5642.838867 1.899048 2455.985107 0.000000 -0.135809 0.000000 0.990735 21.628889 21.628889 21.628889
5545.080078 1.762451 2500.439697 0.000000 0.034478 0.000000 0.999405 33.014759 33.014759 33.014759
5418.656250 -1.473388 2431.253906 0.000000 0.034478 0.000000 0.999405 66.925346 66.925346 66.925346
5280.457031 -4.290283 2452.286621 0.000000 0.034478 0.000000 0.999405 66.560547 66.560547 66.560547
5181.394531 1.408813 2672.229736 0.000000 -0.059718 0.000000 0.998215 9.501742 9.501742 9.501742
5201.895508 -0.124756 2649.754639 0.000000 -0.781175 0.000000 0.624312 16.272243 16.272243 16.272243
5179.637695 -0.023804 2584.294434 0.000000 -0.922167 0.000000 0.386793 14.283196 14.283196 14.283196
5150.208008 1.406494 2604.026611 0.000000 -0.998288 0.000000 0.058495 10.596818 10.596818 10.596818
5141.952148 2.156616 2577.223877 0.000000 -0.998288 0.000000 0.058495 10.596818 10.596818 10.596818
5109.896484 1.684448 2569.061523 0.000000 -0.935581 0.000000 0.353113 7.104090 7.104090 7.104090
5119.290039 -0.061035 2628.729736 0.000000 0.001831 0.000000 0.999998 20.377008 20.377008 20.377008
5080.430664 1.767822 2605.148193 0.000000 -0.199100 0.000000 0.979979 5.491138 5.491138 5.491138
5043.780273 1.942261 2635.623535 0.000000 0.280253 0.000000 0.959926 8.886061 8.886061 8.886061
5041.298828 1.311768 2604.063232 0.000000 0.280253 0.000000 0.959926 8.886061 8.886061 8.886061
5049.131836 0.981812 2576.742188 0.000000 0.280253 0.000000 0.959926 8.886061 8.886061 8.886061
5057.507812 0.633911 2540.470459 0.000000 0.280253 0.000000 0.959926 8.886061 8.886061 8.886061
5000.206055 1.239990 2548.438721 0.000000 0.280253 0.000000 0.959926 17.422899 17.422899 17.422899
5348.036133 1.784668 2623.744873 0.000000 0.839487 0.000000 0.543380 5.878881 5.878881 5.878881
5344.360352 2.239868 2602.735596 0.000000 0.216712 0.000000 0.976236 4.962830 4.962830 4.962830
5506.667969 -1.101806 2604.715820 0.000000 -0.851415 0.000000 0.524493 17.366526 17.366526 17.366526
5516.178711 1.641235 2566.773193 0.000000 -0.580733 0.000000 0.814094 6.412361 6.412361 6.412361
5391.346680 2.120971 2673.561279 0.000000 -0.122191 0.000000 0.992507 8.351881 8.351881 8.351881
5320.481445 2.236451 2617.060303 0.000000 0.216712 0.000000 0.976236 4.962830 4.962830 4.962830
5709.224609 1.527100 2750.787842 0.000000 0.234372 0.000000 0.972147 11.069145 11.069145 11.069145
5660.908203 1.517700 2734.791748 0.000000 0.035393 0.000000 0.999373 9.100697 9.100697 9.100697
5590.428711 -1.308960 2736.141357 0.000000 -0.046492 0.000000 0.998918 37.516624 37.516624 37.516624
5518.079102 2.413086 2762.642090 0.000000 0.207765 0.000000 0.978179 13.324284 13.324284 13.324284
5501.429688 2.117188 2834.152344 0.000000 0.000305 0.000000 1.000000 19.385250 19.385250 19.385250
5456.638672 1.790771 2797.906006 0.000000 -0.194492 0.000000 0.980904 13.540122 13.540122 13.540122
5455.493164 0.098633 2747.714111 0.000000 -0.323424 0.000000 0.946254 8.310320 8.310320 8.310320
5490.038086 1.894897 2739.603271 0.000000 -0.069707 0.000000 0.997568 7.921128 7.921128 7.921128
5472.569336 1.819580 2702.234131 0.000000 -0.069707 0.000000 0.997568 7.921128 7.921128 7.921128
5519.396484 1.938598 2702.049561 0.000000 0.232294 0.000000 0.972645 13.507469 13.507469 13.507469
5515.439453 3.507812 2656.893066 0.000000 0.074577 0.000000 0.997215 13.507469 13.507469 13.507469
5582.792969 1.107056 2701.191650 0.000000 0.074577 0.000000 0.997215 13.507469 13.507469 13.507469
5591.265625 -0.584839 2682.478516 0.000000 -0.083886 0.000000 0.996475 13.507469 13.507469 13.507469
5932.610352 3.504395 2928.349365 0.000000 0.108611 0.000000 0.994084 15.505006 15.505006 15.505006
6082.862305 4.904542 2862.159912 0.000000 0.199339 0.000000 0.979930 34.852654 34.852654 34.852654
6014.502930 1.463867 2758.826416 0.000000 0.108611 0.000000 0.994084 9.720449 9.720449 9.720449
5964.774414 -1.338623 2729.306885 0.000000 0.000000 0.000000 1.000000 21.543406 21.543406 21.543406
4901.831055 3.338135 3064.783691 0.000000 -0.099809 0.000000 0.995007 72.046074 72.046074 72.046074
5079.166016 7.266602 3127.706055 0.000000 -0.058865 0.000000 0.998266 38.437584 38.437584 38.437584
2193.177734 -3.289552 4533.007812 0.000000 0.306901 0.000000 0.951741 29.536894 29.536894 29.536894
1644.771851 0.744629 4090.772949 0.000000 0.306901 0.000000 0.951741 16.826740 16.826740 16.826740
1700.213623 0.838134 3921.927246 0.000000 0.698566 0.000000 0.715545 7.696987 7.696987 7.696987
1748.477905 0.694335 3926.764404 0.000000 0.997089 0.000000 -0.076255 7.208021 7.208021 7.208021
1832.196899 1.861083 4631.058594 0.000000 0.162063 0.000000 0.986780 13.494645 13.494645 13.494645
1800.256104 2.083740 4614.485352 0.000000 0.737077 0.000000 0.675808 7.496570 7.496570 7.496570
1648.130249 1.420166 4425.408203 0.000000 -0.168850 0.000000 0.985642 9.728909 9.728909 9.728909
1513.093018 2.197021 4143.776367 0.000000 0.499094 0.000000 0.866548 7.584114 7.584114 7.584114
1843.887817 2.254639 4536.563477 0.000000 0.111038 0.000000 0.993816 8.839129 8.839129 8.839129
5397.898438 1.822266 2322.038330 0.000000 0.493026 0.000000 0.870015 12.009838 12.009838 12.009838
5396.051758 2.863037 2371.175781 0.000000 -0.766800 0.000000 0.641887 7.169690 7.169690 7.169690
2116.636475 1.400391 4647.241211 0.000000 0.215639 0.000000 0.976473 18.208496 18.208496 18.208496
2152.779785 2.365478 4707.479492 0.000000 -0.414838 0.000000 0.909895 33.379097 33.379097 33.379097
2155.706787 -2.995362 4645.729492 0.000000 0.966247 0.000000 0.257616 26.049561 26.049561 26.049561
1644.326904 -0.316406 4287.876953 0.000000 0.116768 0.000000 0.993159 16.621450 16.621450 16.621450
5912.519531 0.000000 2857.481689 0.000000 0.000000 0.000000 1.000000 9.081818 9.081818 9.081818
5170.591797 0.000000 2396.233154 0.000000 -0.752713 0.000000 0.658349 15.843987 15.843987 15.843987
5156.395508 0.000000 2398.289551 0.000000 0.655499 0.000000 0.755196 16.685982 16.685982 16.685982
3795.465820 0.978271 2145.624268 0.000000 -0.917133 0.000000 0.398581 6.928739 6.928739 6.928739
6618.787109 0.165039 3223.426025 0.000000 -0.475511 0.000000 0.879710 15.549218 15.549218 15.549218
6649.006836 1.527832 3210.930664 0.000000 -0.221178 0.000000 0.975233 13.247724 13.247724 13.247724
6655.562500 0.745361 3215.211426 0.000000 -0.124917 0.000000 0.992167 21.814646 21.814646 21.814646
6722.459961 0.114990 3271.593994 0.000000 -0.346427 0.000000 0.938077 11.573447 11.573447 11.573447
6750.134766 -1.105470 3296.423340 0.000000 -0.970538 0.000000 0.240948 8.144207 8.144207 8.144207
6791.704102 1.635010 3309.673340 0.000000 -0.230988 0.000000 0.972957 7.911140 7.911140 7.911140
6854.053711 2.652344 3547.124268 0.000000 0.000000 0.000000 1.000000 10.114110 10.114110 10.114110
6766.350586 3.601318 3757.790527 0.000000 -0.660005 0.000000 0.751261 33.515343 33.515343 33.515343
6815.209961 3.935791 3694.544434 0.000000 -0.679492 0.000000 0.733683 20.932238 20.932238 20.932238
7492.715332 1.790284 912.343445 0.000000 0.575304 0.000000 0.817939 9.701446 9.701446 9.701446
7546.895508 2.746339 860.362915 0.000000 0.851094 0.000000 0.525013 11.472312 11.472312 11.472312
7538.056152 2.198242 879.695068 0.000000 0.225997 0.000000 0.974128 8.891898 8.891898 8.891898
4288.672852 1.801758 2749.317871 0.000000 0.000000 0.000000 1.000000 8.393480 8.393480 8.393480
4145.554688 1.667480 2627.140869 0.000000 -0.758708 0.000000 0.651430 10.860132 10.860132 10.860132
558.749878 0.000000 3819.920654 0.000000 0.193923 0.000000 0.981017 17.553988 17.553988 17.553988
5043.795898 2.520264 3340.828857 0.000000 0.000000 0.000000 1.000000 79.520119 79.520119 79.520119
5142.387695 3.579102 3257.349365 0.000000 0.000000 0.000000 1.000000 30.114887 30.114887 30.114887
2475.590332 1.197510 3932.862061 0.000000 0.550741 0.000000 0.834676 16.413334 16.413334 16.413334
252.606003 1.431641 4617.763672 0.000000 0.646238 0.000000 0.763136 9.074103 9.074103 9.074103
1568.209717 1.951904 4147.000977 0.000000 0.000000 0.000000 1.000000 14.058063 14.058063 14.058063
1737.901367 1.179199 4115.412109 0.000000 0.000000 0.000000 1.000000 13.467310 13.467310 13.467310
1763.006592 1.526855 4147.702148 0.000000 0.000000 0.000000 1.000000 7.619653 7.619653 7.619653
713.978516 -0.713257 2279.936279 0.000000 0.000000 0.000000 1.000000 9.649438 9.649438 9.649438
743.373291 0.291992 4008.102783 0.000000 -0.365783 0.000000 0.930700 34.238312 34.238312 34.238312
1375.652466 -0.339844 4219.702148 0.000000 0.261113 0.000000 0.965308 12.304859 12.304859 12.304859
2145.656250 -0.057617 4677.684570 0.000000 -0.489357 0.000000 0.872083 79.971527 79.971527 79.971527
2171.690918 1.962402 4548.709961 0.000000 -0.504057 0.000000 0.863670 10.767529 10.767529 10.767529
2269.578369 1.239746 4571.826172 0.000000 0.000000 0.000000 1.000000 10.382129 10.382129 10.382129
2291.833496 0.000000 4529.777344 0.000000 0.433217 0.000000 0.901290 65.773453 65.773453 65.773453
2106.328125 -0.934814 4198.367188 0.000000 0.743213 0.000000 0.669055 33.424522 33.424522 33.424522
2175.739258 0.715576 4291.875000 0.000000 0.550996 0.000000 0.834508 39.195953 39.195953 39.195953
2048.813232 3.185791 4183.644531 0.000000 0.532864 0.000000 0.846201 13.598780 13.598780 13.598780
8423.652344 2.782959 3320.552490 0.000000 0.000000 0.000000 1.000000 10.424220 10.424220 10.424220
4637.753906 0.000000 3618.648438 0.000000 0.000000 0.000000 1.000000 13.878100 13.878100 13.878100
477.123840 0.000000 3749.347412 0.000000 0.743504 0.000000 0.668732 11.401733 11.401733 11.401733
7699.594727 0.809561 1623.735840 0.000000 0.000000 0.000000 1.000000 9.431769 9.431769 10.431769
2689.217773 -3.395386 612.147461 0.000000 0.760851 0.000000 0.648926 147.342316 147.342316 147.342316
2862.537842 4.816650 573.433350 0.000000 -0.952184 0.000000 -0.305525 149.230392 149.230392 149.230392
3005.489258 -6.449341 496.030212 0.000000 -0.408163 0.000000 0.912909 81.565544 81.565544 81.565544
2962.261230 2.619865 81.341370 0.000000 0.684136 0.000000 0.729355 125.372643 125.372643 125.372643
2745.228516 -2.444275 323.337646 0.000000 -0.541787 0.000000 -0.840516 170.417038 170.417038 170.417038
2688.635010 -4.141586 136.465012 0.000000 0.522911 0.000000 0.852387 103.195572 103.195572 103.195572
"}
